# Vib_X	Vib_Y	Vib_Z	Sound
-0.305435	0.752728	-0.080057	-1.378642
-0.243673	0.497431	-0.256372	-1.401684
0.092582	0.359368	0.273537	-1.544291
0.248129	0.308189	0.476829	-1.601895
0.245841	0.255226	-0.105107	-1.608122
0.250988	0.179648	0.071208	-1.550830
0.102304	0.141562	0.148286	-1.536818
0.172643	0.447442	0.648327	-1.487310
-0.221943	0.331993	0.049048	-1.392343
-0.579929	0.476602	-0.865285	-1.197425
-0.629109	0.848539	-0.629235	-1.046411
-0.507302	1.152039	-0.033810	-0.867373
-0.732044	1.035399	-0.926947	-0.729436
-0.969368	0.543253	-1.966531	-0.497154
-0.757206	0.537302	-1.815266	-0.209760
-0.592510	0.660488	-0.225541	-0.015153
-0.303719	0.465890	0.151176	0.182878
-0.527317	-0.323210	-0.795915	0.313031
-0.407798	-0.546371	-0.520362	0.379041
-0.156178	-0.220258	0.604970	0.325174
-0.269979	0.017187	1.033715	0.311474
-0.534752	0.034444	0.410350	0.275043
-1.036847	-0.271436	-0.732326	0.175405
-0.721751	0.270698	0.228254	0.055216
-0.802955	0.545634	0.290879	0.067982
-1.096321	0.583720	-0.441358	0.105970
-0.988239	0.668224	-0.302618	0.124963
-1.095749	0.408166	-0.712093	0.046187
-0.922475	0.467081	0.491281	0.027193
-0.779509	0.486124	0.343870	0.094137
-0.663993	0.392098	0.111674	0.199381
-0.617100	0.037420	0.204167	0.212147
-0.480997	-0.105404	0.691683	0.151741
-0.342034	-0.209546	0.985541	0.130256
-0.397505	-0.459487	0.550053	0.056462
-0.403223	-0.589218	0.240779	-0.042554
-0.301432	-0.482696	1.050094	-0.226574
-0.159038	-0.153012	1.439335	-0.389109
-0.352327	-0.117901	0.753345	-0.494040
-0.623390	-0.378554	-0.323815	-0.475981
-0.525030	-0.136944	-0.751595	-0.490615
-0.362049	0.309380	-0.062714	-0.406545
-0.446685	0.400430	-0.514582	-0.282620
-0.444397	0.291527	-0.687043	-0.213185
-0.379205	-0.034587	-0.853723	-0.266740
-0.481568	-0.317259	-0.084874	-0.288225
-0.466700	-0.451751	0.303404	-0.296320
-0.412945	-0.396407	0.492244	-0.243699
-0.588507	-0.579102	0.244633	-0.168659
-0.521599	-0.532684	0.864144	-0.282932
-0.421523	-0.355345	1.038532	-0.381947
-0.647981	-0.211926	0.350614	-0.463837
-0.804099	0.033254	-0.101253	-0.507741
-0.630253	0.364129	-0.131121	-0.600840
-0.714317	0.600383	0.365066	-0.715424
-1.114049	0.373055	-0.200490	-0.861768
-1.235856	0.159415	-0.826746	-0.932449
-1.082596	0.462915	-0.373915	-1.053572
-1.015688	0.642635	1.050094	-1.157881
-1.161513	0.255226	1.156075	-1.264992
-0.868720	0.129065	1.305413	-1.378954
-0.768644	-0.307142	0.898829	-1.557057
-0.721751	-0.344633	1.415249	-1.793076
-0.600516	-0.105999	1.756317	-1.947515
-0.871579	-0.298811	1.263984	-2.046220
-0.833836	-0.255368	0.326528	-2.141187
-0.663993	0.093359	0.424802	-2.228994
-0.728041	0.634898	0.901719	-2.225257
-1.248437	0.481958	0.015327	-2.214048
-1.541230	0.319496	-0.993426	-2.161115
-1.224990	0.782483	-0.348865	-2.075177
-0.976230	0.958632	0.765870	-1.912019
-1.277030	0.339730	-0.153280	-1.802417
-1.767688	-0.545181	-0.797842	-1.597847
-1.278173	-0.387480	-0.063678	-1.451814
-0.725754	-0.083980	1.385381	-1.353110
-0.828689	-0.504714	1.263984	-1.248490
-0.875582	-0.962345	0.859327	-1.177809
-0.937343	-1.123616	-0.067532	-1.258765
-0.686867	-0.460677	0.967235	-1.338164
-0.589651	0.038015	1.259167	-1.255651
-1.091174	-0.328565	-0.158098	-1.178743
-1.216984	-0.508285	-1.256454	-1.076302
-1.058006	0.236183	-0.781463	-1.025237
-0.881301	1.068130	0.489354	-0.901624
-1.129489	0.478983	-0.369098	-0.830631
-1.533224	-0.420806	-1.766129	-0.806967
-0.896741	0.146323	-0.629235	-0.890414
-0.362049	0.576579	1.389235	-0.988184
-0.596513	-0.367842	0.475865	-1.067895
-1.184388	-1.830593	-0.833490	-1.122696
-0.774934	-1.666941	-0.309363	-1.244753
-0.049812	-0.714784	1.701399	-1.298620
-0.395789	-0.923068	1.324682	-1.287100
-0.817252	-1.322379	0.208984	-1.293950
-0.881872	-1.033757	-0.520362	-1.335985
-0.215080	0.446847	1.041422	-1.406977
-0.301432	0.974699	1.038532	-1.381133
-1.044281	0.229041	-0.801696	-1.404175
-1.250152	-0.094097	-2.271951	-1.375840
-0.682864	0.775341	-1.177449	-1.354978
-0.184772	1.216309	0.441181	-1.284297
-0.860142	-0.156582	-0.831563	-1.264681
-1.241574	-1.325355	-1.475161	-1.296752
-0.627965	-1.064107	-0.771828	-1.443719
0.026246	-0.340467	1.452824	-1.598158
-0.384924	-0.639207	1.372856	-1.650157
-1.093462	-1.742518	0.042304	-1.598781
-0.628537	-1.558633	-0.657175	-1.529968
0.071995	0.033849	1.036605	-1.421923
-0.466128	0.018972	0.806336	-1.299866
-1.201544	-0.848681	-0.853723	-1.240705
-1.059150	-0.623139	-1.894271	-1.235101
-0.696017	0.421853	-0.236139	-1.269663
-0.707454	0.808072	0.555833	-1.189641
-1.223846	-0.250608	-0.630198	-1.169713
-1.238143	-0.768343	-1.330641	-1.170647
-0.539327	-0.126232	-0.992463	-1.211125
-0.320303	0.101690	0.673377	-1.232921
-0.680005	-0.819521	-0.236139	-1.372415
-0.871579	-1.834759	-1.101335	-1.658875
-0.187059	-1.428307	-0.779536	-1.969311
0.351636	-0.480315	0.920025	-2.064590
-0.046953	-0.716569	0.930623	-2.076111
-0.573066	-1.612192	-0.197600	-2.149906
-0.498152	-1.413429	-1.518517	-2.254837
-0.048096	0.004094	-0.191819	-2.316489
-0.192778	0.418878	0.464304	-2.194120
-0.602803	-0.478530	-0.924056	-2.124062
-0.547904	-0.937946	-2.118759	-2.124062
0.010806	-0.175030	-1.029075	-2.131535
0.118888	0.099310	0.163701	-2.075800
-0.277985	-0.937351	-0.535778	-2.039058
-0.221371	-1.739543	-1.494431	-1.993287
0.213245	-1.108739	-0.791098	-1.965575
0.327046	-0.357130	1.465349	-1.849745
-0.056102	-1.031376	0.651217	-1.714922
-0.308866	-2.045423	-0.675481	-1.670085
-0.069827	-1.620523	-0.807477	-1.649846
0.108594	-0.382719	1.055874	-1.529968
-0.216224	-0.573151	0.948929	-1.302357
-0.499868	-1.393196	-0.281422	-1.096853
-0.263689	-1.244421	-1.517554	-1.002819
-0.059534	-0.304166	-0.258299	-0.891348
-0.181912	0.014806	0.423838	-0.794201
-0.391786	-0.802859	-0.544449	-0.818488
-0.460981	-1.388435	-1.773837	-0.876091
0.122891	-0.566605	-0.708239	-0.943659
0.277294	-0.192288	0.934477	-0.921863
-0.164756	-1.281913	-0.100290	-0.908785
-0.183056	-2.030546	-0.915385	-0.872043
0.144621	-1.639567	-0.860467	-0.912210
0.512329	-0.685624	1.076107	-0.878271
0.077714	-1.220617	0.412276	-0.811326
-0.416376	-2.293579	-1.046417	-0.754034
-0.092130	-1.699076	-1.833572	-0.724765
-0.023506	-0.759416	-0.525180	-0.736909
-0.101280	-0.620759	-0.181221	-0.811949
-0.249392	-1.412239	-1.162997	-0.986316
-0.188203	-1.631235	-2.701658	-1.162240
0.143478	-0.964130	-2.160188	-1.298932
0.144621	-0.960560	-1.140837	-1.353421
0.519192	-1.184912	-0.904787	-1.380822
0.591246	-1.603861	-1.784435	-1.434689
0.556935	-1.282508	-1.522371	-1.555189
0.550072	-0.996265	0.169482	-1.552387
0.378513	-1.628260	0.023998	-1.545537
0.424834	-2.151351	-0.902860	-1.502256
0.179505	-2.006147	-2.176567	-1.538687
-0.047524	-1.406883	-0.452920	-1.571069
-0.049240	-1.519357	-0.459664	-1.604385
0.095441	-1.793697	-0.866248	-1.673198
0.122319	-1.580057	-1.941481	-1.761939
0.163493	-1.001621	-1.586924	-1.857218
0.155487	-1.027806	-0.974157	-1.904546
0.085720	-1.518762	-1.022330	-1.953431
0.257279	-1.823452	-2.396239	-1.957168
0.372795	-1.633020	-2.395275	-1.927588
0.137187	-1.546136	-1.041600	-1.805842
0.051980	-2.088866	-0.416308	-1.766298
0.188655	-2.297150	-0.899006	-1.700910
-0.079549	-2.200744	-1.889453	-1.681294
-0.292282	-1.883557	-0.174477	-1.676001
-0.157894	-1.742518	0.129980	-1.686587
0.161777	-1.785961	-0.287203	-1.755711
0.029677	-1.651468	-1.725663	-1.880259
-0.225946	-1.595529	-1.544531	-1.934749
0.062273	-1.553277	-0.824819	-1.902055
0.256135	-1.847256	-0.452920	-1.901121
0.346489	-1.988294	-1.698686	-2.008544
0.150912	-1.838329	-1.132166	-2.073620
0.128609	-1.831188	0.239815	-1.976473
0.304743	-1.909741	0.739856	-1.861577
0.183508	-2.166228	-0.490495	-1.758202
-0.012641	-1.989484	-1.247782	-1.695617
-0.207074	-1.932355	-0.331522	-1.539932
0.329333	-1.841305	0.130943	-1.402929
0.618124	-1.768108	-0.488568	-1.245376
0.215532	-2.045423	-2.152481	-1.148851
0.271575	-1.774059	-1.173595	-1.034267
0.640427	-1.480080	-0.316107	-0.924976
0.919496	-1.665751	-0.620563	-0.893528
0.700472	-1.747279	-2.564846	-0.940856
0.298453	-1.615763	-2.130321	-0.979777
0.429981	-1.658610	-1.383632	-1.000951
0.690751	-1.855587	-0.930801	-1.058243
0.572947	-2.093626	-2.350955	-1.191198
0.283012	-2.001981	-2.120686	-1.397013
0.332193	-2.002576	-0.740034	-1.528723
0.629561	-2.439378	-0.726545	-1.754466
0.701044	-2.363206	-1.488650	-1.960904
0.559222	-1.849041	-2.434777	-2.092925
0.594678	-1.579462	-1.321970	-2.148349
0.950948	-1.450920	-0.678372	-2.185713
1.031581	-1.658610	-1.615828	-2.180731
0.660442	-1.518166	-2.689133	-2.214671
0.369935	-1.167654	-1.537787	-2.228371
0.530057	-1.381294	-0.793988	-2.244562
0.693610	-1.640162	-0.609965	-2.238023
0.327046	-1.724666	-2.005070	-2.203150
-0.049240	-1.587793	-1.289212	-2.105380
0.356211	-1.536615	-0.388367	-1.900810
0.676454	-2.029951	-0.019358	-1.751975
0.639283	-2.273941	-1.405791	-1.638636
0.640427	-1.828213	-1.389412	-1.524675
0.607259	-1.710978	0.294733	-1.356224
0.951520	-2.035307	0.440217	-1.281806
0.822851	-2.306076	-0.720764	-1.259076
0.442562	-1.586603	-1.051234	-1.318548
0.164637	-0.964725	0.170446	-1.318237
0.246413	-1.074818	0.563541	-1.295195
0.421975	-0.954014	0.101076	-1.309207
-0.248248	-0.840945	-1.898124	-1.408534
-0.645121	-0.735017	-1.150472	-1.469874
-0.415804	-0.952823	-0.787244	-1.523741
0.136044	-1.227164	-0.266006	-1.662923
0.153199	-1.558038	-1.844170	-1.734850
-0.017216	-1.660990	-1.694832	-1.756023
0.424262	-1.700862	0.218619	-1.666660
0.819992	-2.370347	0.215729	-1.555189
1.075614	-2.536974	-0.962595	-1.496029
0.928074	-1.834759	-0.717874	-1.504747
0.766808	-1.359870	0.824642	-1.444341
0.789111	-1.588388	1.086705	-1.433755
0.691322	-1.371772	0.375665	-1.470808
0.333908	-0.520187	-0.628271	-1.560482
-0.064108	-0.108974	0.185861	-1.630852
-0.141310	-0.287504	0.836203	-1.663546
0.008518	-0.508285	0.722514	-1.690012
-0.036087	-0.385100	-0.790134	-1.707138
-0.272838	-0.507095	-0.204344	-1.687210
0.177218	-0.979008	0.983614	-1.654827
0.690751	-1.671702	1.520267	-1.656384
0.773099	-1.702647	0.399751	-1.658875
0.705619	-1.382484	1.044313	-1.704958
0.986404	-1.428902	2.100276	-1.729868
1.486212	-1.221808	2.451942	-1.718970
1.157963	-1.147420	1.420066	-1.663234
0.638139	-0.540420	-0.022248	-1.651714
0.424262	0.017782	0.181044	-1.580721
0.423119	-0.104213	0.269683	-1.505370
0.435700	-0.098858	-0.569499	-1.478903
0.066848	0.153464	-2.185239	-1.441539
-0.054959	0.468866	-1.041600	-1.269040
0.427122	0.052297	-0.029956	-1.088134
0.930933	-0.593979	0.054829	-0.956425
1.045306	-0.579102	-0.941399	-0.880450
1.113357	-0.419615	0.216692	-0.813506
1.655483	-0.542206	1.385381	-0.800740
1.974583	-1.006382	1.677312	-0.985382
1.778434	-1.076009	0.508623	-1.259699
1.474775	-0.822497	-0.170623	-1.462401
1.205999	-0.626710	0.643509	-1.495717
1.218580	-0.357130	1.367075	-1.522184
1.021859	-0.204190	0.291843	-1.497274
0.529485	0.402215	-0.874919	-1.481083
0.347061	0.849134	0.041341	-1.398259
0.559222	0.494455	0.264866	-1.317614
0.739359	0.094549	-0.343084	-1.199916
0.667876	0.179648	-1.594631	-1.129546
0.940083	0.398644	-0.512655	-1.097164
1.359258	-0.225018	0.384336	-1.037692
1.473631	-1.214666	0.457560	-0.980089
1.768140	-1.056370	-0.138828	-0.890726
1.718960	-0.730257	0.603043	-0.861768
1.573707	-0.780245	1.523157	-0.784548
1.435316	-1.065297	1.489436	-0.713867
0.981257	-0.988529	0.236925	-0.728502
0.764521	-0.143490	-0.180258	-0.767423
0.472299	0.010045	0.315929	-0.774273
0.618696	0.122519	1.060692	-0.787974
0.631849	0.373055	0.720587	-0.784548
0.153199	0.556940	-0.189892	-0.816308
0.364789	0.723568	0.604970	-0.749675
0.831429	0.501001	1.277472	-0.795758
1.145954	0.259391	1.537609	-0.919994
1.062461	0.170127	0.294733	-1.046411
0.830857	-0.007212	0.658925	-1.192443
1.292350	-0.243466	1.874824	-1.286788
1.470772	-0.753465	2.124362	-1.404797
1.041303	-0.977817	0.526929	-1.444030
0.975538	-0.414855	1.329500	-1.466449
1.025290	-0.441039	2.047285	-1.512220
0.990407	-0.639207	1.546281	-1.569824
0.562653	-0.376173	0.746601	-1.676312
0.406535	0.374840	-0.020322	-1.750107
0.699329	1.028853	0.567395	-1.716790
0.412825	0.476007	0.521149	-1.690324
0.328761	0.486124	0.014363	-1.595356
0.292734	0.845563	-0.708239	-1.477658
0.300168	0.766415	-0.074276	-1.266860
0.552932	0.552775	0.813080	-1.166599
0.489455	-0.192288	1.040459	-1.136085
0.307031	-0.089336	0.305331	-1.101834
0.290447	0.121329	0.513441	-1.053572
0.514617	-0.167889	1.242788	-0.888546
0.393954	-0.424971	1.263984	-0.754968
0.140618	-0.106594	0.018217	-0.589320
0.266428	0.600383	0.241742	-0.446401
0.514617	0.578364	0.432509	-0.319050
0.421975	0.386742	0.347724	-0.213496
0.169783	0.559916	-0.301655	-0.110121
0.308746	1.053252	-0.805550	0.005397
0.770811	1.289506	0.298587	0.176962
0.527198	0.583720	-0.028029	0.285630
0.113169	0.004689	-0.497239	0.374682
0.226398	0.274269	-0.601294	0.487398
0.536348	0.311165	-0.024175	0.575515
0.798261	-0.008998	0.576066	0.529121
0.169212	-0.609452	0.233071	0.314899
0.075426	-0.432113	-0.480860	0.012559
0.614121	-0.077434	-0.188929	-0.294452
0.770811	-0.231564	-0.266006	-0.527668
0.596393	-0.172055	-0.071385	-0.716358
0.418544	0.024923	-0.333449	-0.901624
1.042446	0.811047	-0.076203	-1.052949
1.231733	0.800931	0.303404	-1.059488
0.790255	-0.148251	-0.010687	-1.071632
0.643858	-0.155987	-0.134974	-1.153522
0.732497	0.361153	-0.065605	-1.231364
1.132229	0.590861	0.784176	-1.186216
0.662729	-0.188717	0.458523	-1.126744
0.057698	-0.819521	0.028815	-1.085955
0.294450	-0.302381	0.220546	-1.090314
0.576378	-0.175030	0.363139	-1.061356
0.771955	-0.298215	0.651217	-0.984137
0.170355	-0.904620	0.220546	-0.985071
0.284156	-0.547562	-0.083911	-1.064781
1.101348	0.306404	0.572212	-1.145426
1.013281	-0.000071	0.393007	-1.182791
0.645573	-0.419615	0.388190	-1.180300
0.384804	-0.264890	0.122272	-1.100900
0.722203	0.475412	0.484537	-0.990053
0.769668	0.362938	0.345797	-0.891971
-0.038947	-0.347609	-0.257335	-0.869241
-0.555911	-0.413664	-0.359463	-0.931204
-0.278557	0.377816	-0.160988	-1.109307
0.128037	0.727139	0.350614	-1.197114
-0.478137	-0.153012	-0.021285	-1.249112
-0.892738	-0.445800	-0.313216	-1.297997
-0.306578	0.392693	-0.070422	-1.379888
0.419116	0.941969	0.789957	-1.416318
0.331621	0.346871	0.179117	-1.349685
-0.252251	-0.657060	-0.445212	-1.263435
0.113169	-0.263700	-0.210125	-1.179988
0.848013	0.686077	0.485500	-1.160995
0.634708	0.518259	0.841984	-1.097475
-0.514165	-0.428542	0.006656	-1.073811
-0.785228	-0.230969	-0.143646	-1.132971
-0.139023	0.917570	0.706135	-1.245376
-0.190490	1.190125	0.616532	-1.345014
-1.243862	0.391503	-0.260226	-1.467071
-1.567536	0.077291	-0.759303	-1.643929
-0.761209	1.189530	-0.149427	-1.821099
-0.229377	1.390673	0.166592	-1.889600
-0.587935	0.242729	-0.787244	-1.910774
-1.071731	-0.243466	-0.714020	-1.921983
-0.378061	0.571223	0.222473	-1.934438
0.378513	1.118118	0.785139	-1.860643
0.092582	0.505762	0.514404	-1.761316
-0.642262	-0.261319	0.092404	-1.695617
-0.541614	0.224281	0.142505	-1.613727
0.062845	1.115738	0.779359	-1.515645
-0.018359	1.087173	0.855473	-1.341278
-0.771503	0.567057	0.578957	-1.244130
-1.120911	0.755703	0.667596	-1.160995
-0.410657	1.756658	1.571331	-1.094984
-0.070971	1.885199	1.760171	-1.012471
-0.926478	0.980055	1.025043	-0.873289
-1.306195	0.701549	0.908463	-0.730681
-0.585076	1.526355	1.338171	-0.603643
-0.073830	1.848303	1.500998	-0.439551
-0.637687	1.034209	1.070326	-0.289470
-1.190678	0.340325	0.867034	-0.201041
-0.739479	0.832471	0.765870	-0.122887
-0.191062	1.215119	1.151258	-0.074625
-0.336887	0.781888	0.770687	-0.052518
-1.201544	-0.045299	-0.045372	-0.016710
-1.212981	0.269508	0.065427	-0.006124
-0.441538	1.132400	0.535601	0.025947
-0.428957	0.986601	0.402642	0.124340
-1.003107	0.696193	0.419021	0.227404
-1.256443	0.728924	0.413240	0.332336
-0.575926	1.692983	1.159929	0.323929
-0.246533	1.992317	1.753427	0.296839
-0.703451	1.633473	1.814125	0.227715
-0.991670	1.547779	1.747646	0.123718
-0.963077	1.678105	1.403687	0.005708
-0.308866	2.253565	2.558887	-0.136899
-0.754919	1.219880	1.544354	-0.240897
-1.454879	0.281410	0.877632	-0.326523
-0.978517	0.950895	1.486545	-0.410282
-0.705167	1.087768	1.268801	-0.521752
-0.641118	0.961607	1.774623	-0.621391
-1.054575	0.583125	1.391162	-0.722274
-0.945921	0.961607	1.081888	-0.872355
-0.644549	1.479938	0.678194	-1.051393
-0.764641	1.381151	0.107820	-1.250981
-1.005967	1.522785	0.050975	-1.442785
-1.165516	1.654301	-0.265043	-1.590062
-1.037419	1.836996	-0.768938	-1.705269
-1.128345	1.599552	-1.209243	-1.760382
-1.159798	1.528141	-0.384513	-1.766298
-1.139211	1.510288	-0.028993	-1.754777
-0.956215	1.305574	-0.798805	-1.811447
-0.504443	1.209168	-0.661029	-1.831997
-0.412373	1.082412	-0.165806	-1.845075
-0.507874	0.944349	0.268719	-1.872164
-0.030369	1.397814	0.517295	-1.905792
0.532345	1.766180	0.852582	-1.954988
0.436272	1.540638	1.099231	-1.913576
-0.272838	1.178818	0.840057	-1.843206
-0.307722	1.573963	1.121390	-1.798058
-0.073830	2.162515	1.387308	-1.769723
-0.423238	2.104195	1.548208	-1.690012
-0.681720	2.169061	1.924924	-1.548962
-0.933912	1.981010	1.307340	-1.416941
-0.817824	2.177392	1.059728	-1.385804
-0.595941	1.964942	1.019263	-1.405109
-0.578785	1.612644	1.033715	-1.353110
-0.309438	1.773321	1.347806	-1.226071
0.157202	1.546589	0.759126	-1.200539
0.772527	1.481128	0.661815	-1.231053
0.616408	1.122879	0.616532	-1.217353
0.338483	0.606334	0.405532	-1.214862
0.700472	0.650966	0.381445	-1.304848
0.814845	0.871152	0.645436	-1.428773
0.385948	0.884244	1.083815	-1.462712
-0.543330	0.703930	0.915208	-1.411648
-0.730329	1.193695	1.010591	-1.327578
-0.480997	1.716787	1.149331	-1.262190
-0.709170	1.939948	1.350696	-1.186216
-1.206691	2.073845	1.371893	-1.117092
-1.096893	2.239283	1.100194	-1.052638
-0.443254	2.639189	0.763943	-1.075057
0.007946	2.283320	0.686865	-1.113355
0.105735	1.658467	0.746601	-1.114601
0.204667	1.175247	0.585701	-1.015274
1.019572	1.175842	0.842948	-0.838104
1.135088	0.873533	0.709989	-0.631977
0.941798	0.621806	1.475947	-0.367313
0.990407	0.711666	2.127253	-0.151845
0.675310	0.641444	1.349733	-0.074625
0.681029	0.942564	1.228335	-0.092996
0.163493	1.067535	1.163783	0.030307
-0.533036	1.217499	0.775505	0.172291
-0.633112	1.333543	0.131907	0.214638
-0.272838	1.805456	-0.073312	0.214949
0.084004	2.076821	0.200313	0.191596
-0.447257	1.407931	-0.588769	0.172914
-0.319159	1.284745	-0.938508	0.063935
0.528913	1.688817	-0.312253	-0.174575
1.007563	1.549564	0.165628	-0.397827
0.680457	0.971724	0.022071	-0.566590
0.076570	0.409356	-0.345974	-0.728813
0.439703	0.557536	-0.084874	-0.887612
0.754227	0.710476	0.237888	-1.032710
0.090295	0.548609	0.436363	-1.155701
-0.806958	0.477197	0.143468	-1.241640
-0.853851	0.738445	-0.025139	-1.299866
-0.478709	1.321641	0.101076	-1.410713
-0.530177	1.501361	0.031706	-1.466449
-0.863573	1.380556	-0.346938	-1.515957
-0.587363	1.439471	-0.818075	-1.618709
0.215532	1.527545	-1.014623	-1.664169
0.654151	1.115142	-0.913458	-1.633654
0.722203	0.750942	-0.471226	-1.611236
0.965245	0.373650	-0.470262	-1.635211
1.231733	-0.047084	-0.731362	-1.672887
1.203712	-0.234540	-0.500130	-1.729556
0.937223	-0.088741	0.194532	-1.780621
0.536348	-0.035777	0.313039	-1.841027
0.466008	0.147513	0.104930	-1.912642
0.364789	0.604548	0.034596	-2.016017
-0.178481	0.695598	-0.173513	-2.132780
-0.449544	0.874723	0.041341	-2.194432
-0.387783	0.940184	-0.136901	-2.207198
-0.033228	1.260942	-0.088728	-2.208132
-0.001775	1.384722	0.479719	-2.130289
-0.279701	0.918165	0.281245	-1.916067
0.132041	0.505762	-0.330559	-1.706515
0.367648	0.194526	-0.839271	-1.585703
0.665589	0.512308	0.203203	-1.418498
0.263569	0.240943	0.019181	-1.203341
0.172071	-0.188717	-0.320924	-1.071320
0.846297	-0.002452	0.073135	-1.040495
0.635852	-0.356535	-0.599367	-1.038315
0.401388	-0.222638	-0.046335	-1.051081
0.230401	-0.103023	-0.202417	-1.102769
0.642714	0.081457	-0.329595	-1.173761
0.612405	0.249275	-0.479897	-1.202718
0.092010	0.197501	-0.351755	-1.203652
0.045689	0.504572	0.063500	-1.247867
0.057126	0.274864	-0.646577	-1.292081
0.130325	0.115378	-0.959705	-1.390163
-0.154463	0.126685	-0.725582	-1.502256
-0.209934	0.195121	-0.370061	-1.552075
0.205239	0.124304	-0.605148	-1.606565
0.394526	-0.113735	-1.061833	-1.686587
0.657583	-0.037562	-0.464481	-1.730179
0.354495	-0.399977	-0.653321	-1.671641
0.244698	-0.907596	-1.513700	-1.573560
0.890903	-0.790362	-1.106152	-1.484508
0.914349	-0.544586	-0.575280	-1.391097
0.400244	-0.414260	-0.120522	-1.259699
-0.050384	-0.513641	-0.461591	-1.140444
0.298453	-0.092907	-0.331522	-1.118337
0.248701	0.230827	-0.303582	-1.126744
-0.324306	0.104666	-0.827709	-1.094050
-0.520455	0.124899	-1.458782	-1.072877
-0.353471	-0.028041	-1.987727	-1.108062
0.232688	0.161200	-1.706394	-1.191509
0.276722	0.173102	-1.147581	-1.276513
0.176646	-0.207761	-0.809403	-1.318237
0.697041	-0.495193	-1.101335	-1.370858
1.205999	-0.522567	-0.765084	-1.493538
1.353540	-0.428542	0.106856	-1.659187
0.901768	-0.464843	0.043267	-1.790273
0.616408	-0.859988	-0.798805	-1.803351
0.812557	-0.898074	-0.794951	-1.786537
0.786824	-0.344038	-0.000089	-1.826392
0.085148	-0.254178	0.026888	-1.877146
-0.663421	-0.686814	-1.068577	-1.911085
-0.346037	-0.672532	-0.997280	-1.869984
-0.028081	-0.085765	-0.258299	-1.828261
-0.132732	0.200477	0.350614	-1.771591
-0.186487	0.080267	0.050975	-1.693749
0.279009	0.078482	-0.180258	-1.688767
0.814845	0.120734	0.263902	-1.706515
0.893762	-0.057201	0.336162	-1.701222
0.823995	-0.272031	0.396861	-1.642684
0.932649	-0.648133	-0.104143	-1.619954
1.174547	-0.753465	-0.001052	-1.664169
0.790255	-0.757631	0.597263	-1.710251
0.228113	-0.586243	0.913281	-1.707449
0.113741	-0.704072	0.283171	-1.625559
0.122891	-1.030781	-0.611892	-1.595044
-0.079549	-0.705858	-0.285276	-1.560482
-0.450116	-0.441634	0.006656	-1.451192
-0.630253	-0.502334	-0.712093	-1.368990
-0.177337	-0.570770	-0.465445	-1.265926
0.367076	-0.081005	0.435400	-1.227628
0.301884	0.308189	1.083815	-1.163486
0.291018	0.255226	0.988432	-1.064159
0.649005	-0.128613	0.175263	-1.076302
0.983544	-0.242871	-0.144609	-1.131415
0.776530	-0.091121	0.183934	-1.172827
0.321327	-0.154797	0.084697	-1.144804
0.580381	-0.270246	-0.490495	-1.199605
0.634708	-0.668962	-1.134093	-1.335362
0.582668	-0.252988	-0.066568	-1.368678
0.042830	-0.225613	0.320747	-1.278070
-0.139023	-0.764772	-1.143728	-1.199605
0.520335	-0.539230	-0.716910	-1.144181
0.321899	-0.349989	-0.134011	-1.109307
0.252132	-0.009593	0.433473	-1.116158
0.131469	-0.182766	-0.401856	-1.095296
0.468296	-0.460677	-0.965486	-1.105260
0.938367	-0.342848	-0.587805	-1.131415
0.543782	-0.167294	-0.441358	-1.110241
0.278437	-0.368437	-1.033892	-1.076614
0.535776	-0.852847	-2.122613	-1.033333
1.025290	-0.303571	-1.393266	-0.997837
1.116789	0.254036	-0.031883	-0.947706
0.455715	-0.232160	-0.874919	-0.882941
0.340770	-0.997456	-2.130321	-0.843709
0.860022	-1.067082	-1.426024	-0.787974
1.001272	-0.447585	0.125162	-0.734107
0.568944	-0.491027	0.736966	-0.618588
0.186939	-1.311072	-0.688006	-0.546662
0.751940	-1.339042	-0.282385	-0.534830
0.940655	-0.833209	0.692646	-0.559739
0.592962	-0.453536	1.015409	-0.609870
0.214961	-0.732042	-0.381623	-0.630732
0.626130	-0.785006	-1.251636	-0.709197
1.114501	-0.101833	-0.381623	-0.772716
0.661014	0.164771	-0.115705	-0.780812
0.368220	-0.289884	-1.082065	-0.767423
0.764521	-1.000431	-1.879819	-0.773339
1.157391	-0.951633	-1.364362	-0.764309
0.926930	-0.548157	0.327491	-0.724454
0.682173	-0.804644	0.900756	-0.704526
0.882897	-1.787746	-0.913458	-0.786105
1.326090	-1.841305	-0.037664	-0.828763
1.278054	-1.195623	1.256276	-0.750298
0.812557	-1.020069	1.448970	-0.639450
0.675310	-1.505074	0.004729	-0.553823
1.117932	-1.588983	-0.699568	-0.510543
1.534248	-0.319639	0.852582	-0.463215
1.103636	0.284981	1.195578	-0.444221
0.354495	-0.399382	-0.835417	-0.493106
0.777102	-0.720140	-1.697723	-0.637582
1.473059	0.133826	-0.159061	-0.798872
1.154531	0.778912	1.276509	-0.846200
0.428837	-0.288694	-0.245774	-0.813817
0.619268	-1.319999	-1.504065	-0.834368
1.249461	-1.036137	0.154067	-0.862391
1.222583	-0.635041	1.845920	-0.854918
0.699329	-1.062917	1.844956	-0.841218
0.508326	-2.033521	-0.191819	-0.938054
1.080761	-1.671107	0.406496	-1.047345
1.288919	-0.225018	2.213002	-1.072254
0.540923	0.009450	1.992367	-1.132971
-0.191634	-0.980793	-0.864321	-1.253160
0.313893	-0.710618	-1.614864	-1.433755
0.856019	0.714046	-0.117632	-1.554566
0.184652	0.878889	0.520185	-1.546782
-0.589651	-0.349989	-1.437586	-1.555501
-0.102423	-0.970081	-2.103343	-1.597847
0.657011	-0.295835	-0.001052	-1.628984
0.529485	-0.003642	1.589637	-1.689701
-0.143597	-1.250372	0.637728	-1.750107
0.110882	-2.337021	-1.228513	-1.857841
0.895478	-1.770488	0.233071	-1.964952
0.862881	-0.943302	1.473057	-2.024424
0.238979	-1.084935	1.041422	-1.974604
-0.017216	-1.951993	-1.215024	-1.949695
0.645002	-1.563989	-1.577289	-1.948449
0.708478	-0.261319	-0.072349	-1.853482
-0.016644	-0.207761	0.174299	-1.770657
-0.602232	-1.245612	-2.522453	-1.703401
-0.280845	-1.294410	-2.673718	-1.618086
0.223539	-0.171460	-0.549267	-1.525298
-0.081836	-0.003047	0.261975	-1.420677
-0.439822	-1.124807	-0.929837	-1.292393
0.112025	-1.882962	-1.872111	-1.243819
0.864025	-1.433663	-0.262152	-1.188707
0.797689	-0.941516	1.104048	-1.121139
0.336767	-1.891888	0.323637	-1.085020
0.464865	-2.971991	-1.847061	-1.142001
0.917208	-2.224548	-0.823856	-1.223580
0.860594	-1.089101	1.126208	-1.243508
0.035968	-1.237875	0.948929	-1.234167
-0.580501	-2.460802	-1.805631	-1.218910
-0.042378	-2.136473	-1.298846	-1.236969
0.148625	-0.588028	0.795738	-1.287722
-0.537039	-0.385100	1.503888	-1.286477
-0.854423	-1.311072	-0.109924	-1.260322
-0.216796	-1.722880	-0.981865	-1.271220
0.331049	-0.813570	0.927733	-1.198048
0.248129	-0.239896	2.282372	-1.123942
-0.186487	-1.327735	0.531747	-1.126121
0.194945	-2.396531	-1.421207	-1.233544
0.853732	-1.974012	-0.140755	-1.301734
0.582668	-1.484246	1.370929	-1.331937
0.093154	-1.909146	1.212920	-1.324775
-0.010353	-2.581012	-0.925983	-1.295195
0.236120	-2.319169	-0.230358	-1.264058
-0.042378	-1.466988	1.131025	-1.162552
-0.606235	-1.100408	1.716815	-1.093427
-0.404367	-1.303931	0.094331	-1.109930
-0.117864	-1.135518	-0.930801	-1.103080
-0.562773	-0.571961	0.009546	-1.055440
-0.742338	-0.234540	1.165710	-1.031776
-0.549620	-0.905811	-0.513618	-1.053261
-0.220799	-1.634806	-2.041682	-1.128924
-0.207646	-1.308097	-0.793024	-1.180922
-0.585076	-1.226568	0.461413	-1.236658
-0.650840	-1.562799	0.413240	-1.227005
-0.375202	-2.063276	-0.901897	-1.292393
-0.254539	-1.805599	-0.066568	-1.351553
-0.836695	-1.361061	0.963381	-1.366810
-1.092318	-1.343208	1.242788	-1.507861
-0.476994	-1.330115	-0.288166	-1.820165
-0.665708	-1.353324	-0.665846	-2.170145
-1.258730	-0.837374	0.189715	-2.354164
-1.299904	-0.404143	1.205212	-2.404606
-0.897313	-0.591599	-0.144609	-2.453180
-0.632540	-0.875461	-1.092664	-2.508604
-1.160942	-0.984959	-0.760266	-2.492724
-1.297045	-0.816546	0.485500	-2.460341
-0.783512	-1.169439	0.035560	-2.433875
-0.241386	-1.763942	-1.410609	-2.459719
-0.629681	-1.892483	-0.624417	-2.368487
-1.022551	-1.843090	0.706135	-2.175749
-0.637687	-1.972226	0.883413	-2.021621
-0.221371	-2.353684	-0.826746	-1.932881
-0.354043	-2.119811	-0.310326	-1.759448
-0.868720	-1.630640	0.568359	-1.561417
-0.869863	-1.396171	0.990358	-1.343458
-0.348324	-1.626474	-0.886481	-1.175006
-0.249964	-1.713359	-1.376887	-1.041429
-0.814964	-1.375938	-0.644650	-0.841529
-0.981377	-1.272391	0.670486	-0.728813
-0.482712	-1.562799	-0.172550	-0.639450
-0.022362	-1.911526	-0.932728	-0.596481
-0.649696	-1.912717	0.059646	-0.541680
-0.959074	-1.584817	1.191724	-0.556937
-0.475850	-1.803218	0.986505	-0.636959
-0.089270	-2.354874	-0.706312	-0.727568
-0.164756	-2.222167	-0.050189	-0.746873
-0.514736	-1.893078	1.216774	-0.749986
-0.261401	-1.935925	1.263984	-0.820045
0.384232	-2.275131	-0.526143	-0.996280
0.311605	-2.188842	-0.105107	-1.137953
-0.127585	-1.663965	0.826569	-1.136397
-0.104711	-1.277747	1.720669	-1.085020
0.057126	-1.642542	-0.312253	-1.087200
0.133184	-1.469964	-0.752559	-1.092493
-0.330597	-0.873675	0.635801	-1.023369
-0.610809	-0.742159	1.338171	-0.976975
-0.513021	-1.322974	-0.053080	-0.927467
-0.192778	-1.800243	-1.435659	-0.994723
-0.247676	-1.177175	0.110710	-1.025860
-0.499296	-1.125402	1.728376	-0.969502
0.177790	-1.389625	1.246641	-0.899133
0.748509	-1.729426	-0.556974	-0.882319
0.507183	-1.503884	0.344834	-0.857720
0.329333	-0.631470	1.754390	-0.810704
0.417400	-0.806429	1.578075	-0.788285
0.848013	-1.187292	-0.630198	-0.929647
0.451140	-1.180746	-0.635979	-1.080973
-0.193921	-0.638612	0.445998	-1.078482
-0.437535	-0.607071	0.981687	-1.085020
-0.773219	-1.486626	-1.285358	-1.113355
-0.510162	-1.127187	-1.196718	-1.127678
-1.019691	-0.524948	0.466231	-1.024926
-1.153507	-0.215497	1.523157	-0.951443
-0.762925	-1.061131	-0.322851	-0.951443
-0.362049	-1.518762	-1.748787	-1.025237
-0.263117	-0.669557	0.477792	-1.084709
-0.584504	-0.656464	1.212920	-1.162863
0.176646	-0.760012	1.095377	-1.273088
0.584956	-1.397362	-0.569499	-1.417875
0.098872	-1.238470	0.189715	-1.460533
-0.328309	-0.395812	1.644554	-1.431264
-0.490718	-0.383314	2.024162	-1.443719
-0.379777	-0.866534	0.080843	-1.567333
-0.764641	-0.693956	-0.111851	-1.661989
-1.493766	0.168937	1.804491	-1.659187
-1.517784	0.343895	2.513604	-1.717724
-1.199828	-0.286313	0.392044	-1.734850
-1.097465	-0.361296	0.212838	-1.812069
-1.315345	0.308785	1.628175	-1.773148
-1.248437	0.462915	2.728458	-1.680983
-0.611381	-0.064342	1.922034	-1.593176
-0.310010	-0.737398	-0.066568	-1.521561
-0.768072	-0.358320	1.604089	-1.430018
-1.068872	0.017782	2.795901	-1.274645
-0.701736	-0.234540	2.523239	-1.114601
-0.522743	-0.543396	1.018299	-0.996591
-1.382253	-0.580887	1.482692	-0.868307
-2.083928	0.013616	2.865271	-0.721029
-1.759682	0.489099	3.481892	-0.645055
-1.461741	0.359963	2.087751	-0.644121
-1.880345	0.348061	1.693691	-0.599595
-2.558003	0.773556	2.258285	-0.520507
-2.425330	1.038375	2.977997	-0.574374
-1.859186	0.653346	1.463422	-0.651905
-1.868908	0.277244	0.698427	-0.804788
-2.411034	0.699169	2.297787	-0.859589
-2.578018	0.795575	3.258367	-0.896019
-1.951256	0.517069	2.951983	-0.980089
-1.771691	0.224876	1.609870	-1.073188
-2.545422	0.127280	2.561778	-1.116780
-2.926854	0.404000	3.210193	-1.129858
-2.542562	0.483743	3.085906	-1.136397
-2.181717	0.329613	1.579039	-1.180922
-2.623195	0.402810	1.400797	-1.231987
-3.113853	0.933638	2.428819	-1.205521
-2.774739	1.195481	2.922116	-1.259699
-2.029601	1.053252	1.572294	-1.378954
-2.197157	0.961607	1.020226	-1.519382
-2.715265	1.045516	1.452824	-1.512531
-2.470508	1.049087	2.130143	-1.443096
-2.161130	0.414117	0.844874	-1.383002
-2.022167	0.016591	0.055793	-1.434066
-2.370432	0.108237	1.060692	-1.492604
-2.309814	0.453988	2.034760	-1.486376
-1.988999	0.272484	1.874824	-1.514711
-1.850036	-0.322019	-0.023212	-1.594733
-1.964981	0.282005	0.823678	-1.585081
-2.196013	0.769986	1.685984	-1.519382
-1.699065	0.811047	1.523157	-1.497897
-1.363953	0.559321	-0.364280	-1.476101
-1.716220	0.437326	-0.406673	-1.447455
-2.131965	0.677745	0.366993	-1.444030
-1.983852	0.643825	0.979760	-1.458042
-1.526362	0.364129	0.234035	-1.508795
-1.681337	-0.181576	-0.282385	-1.685653
-2.089647	0.099310	0.756235	-1.771591
-2.092506	0.373650	1.772696	-1.832931
-1.676190	0.039205	1.279399	-1.867805
-1.385684	-0.259534	-0.216869	-1.896139
-1.612141	-0.227399	0.195496	-1.872164
-1.760254	0.041586	1.196541	-1.879948
-1.446873	-0.166699	1.166673	-1.936929
-1.010542	-0.543396	-0.246737	-2.014771
-1.217556	-0.686814	-0.127267	-2.087009
-1.202116	-0.260129	1.295778	-2.059608
-1.130633	-0.446990	1.572294	-1.972425
-1.035704	-0.976627	-0.185075	-1.875277
-0.976802	-0.887958	-0.263116	-1.761627
-1.263305	-0.660630	0.483573	-1.541177
-1.144358	-0.287504	1.597345	-1.366188
-0.996245	-0.740373	0.291843	-1.241017
-0.894453	-1.123616	-0.825782	-1.158815
-1.218128	-0.865344	-0.053080	-1.082218
-1.154079	-0.529709	1.177272	-1.023681
-0.710314	-0.871295	0.695537	-0.936808
-0.607950	-1.346183	-0.635979	-0.920306
-0.659418	-0.994480	0.117455	-0.905983
-0.696017	-0.750490	1.244714	-0.876091
-0.493006	-1.066487	1.279399	-0.821602
-0.204787	-1.629450	-0.345974	-0.773962
-0.406083	-1.434853	0.075062	-0.717293
-0.827545	-0.780245	1.091523	-0.631354
-0.729185	-0.521972	2.002965	-0.604265
-0.678289	-0.965320	0.103966	-0.587140
-0.852136	-0.963535	-0.845052	-0.660623
-1.086028	-0.231564	0.282208	-0.710131
-1.130633	0.164176	1.494253	-0.792021
-0.829833	-0.203595	0.326528	-0.888235
-0.722895	-0.698121	-1.168778	-0.971059
-0.748057	-0.357725	0.018217	-1.032088
-0.732044	-0.216092	1.227372	-1.132660
-0.498152	-0.654679	0.579920	-1.227005
-0.203071	-1.090886	-0.641760	-1.343458
-0.294569	-0.900455	-0.144609	-1.407288
-0.432388	-0.386885	0.876669	-1.445276
-0.599372	-0.685029	1.131025	-1.539932
-0.411801	-0.954014	-0.808440	-1.650468
-0.485000	-0.731447	-0.919239	-1.654516
-0.657130	-0.144680	0.225363	-1.535884
-0.789803	-0.116711	0.461413	-1.486376
-0.973371	-0.830828	-1.331604	-1.501322
-0.701164	-0.796313	-1.942444	-1.521561
-0.600516	-0.364271	-0.661993	-1.452748
-0.646837	-0.143490	0.709025	-1.453371
-0.639403	-0.905811	-0.792061	-1.461467
-0.372914	-1.540185	-1.653403	-1.464892
-0.330025	-1.206930	-0.784353	-1.378331
-0.347752	-0.892123	0.484537	-1.255028
-0.753775	-1.684199	-0.163879	-1.150097
-0.894453	-2.292984	-2.295074	-1.105260
-0.411229	-1.250372	-0.701495	-0.996280
-0.511877	-0.638016	0.182971	-0.799806
-0.941918	-1.012333	-0.183148	-0.652528
-1.166088	-1.667536	-1.999289	-0.608624
-0.701164	-1.018879	-1.349910	-0.668719
-0.370627	0.128470	0.436363	-0.689581
-0.719463	-0.173245	0.503806	-0.742202
-1.051716	-1.455681	-1.782508	-0.788908
-0.627965	-1.712764	-2.267133	-0.804788
-0.048668	-0.699907	-0.287203	-0.745004
-0.415232	-0.815951	0.654107	-0.759328
-0.837839	-1.891293	-0.780499	-0.780812
-0.556482	-2.262634	-1.788289	-0.809147
-0.032656	-1.328330	-0.069459	-0.776142
-0.069827	-0.812975	0.824642	-0.788596
-0.661133	-1.561609	-0.358499	-0.845888
-0.639974	-1.872845	-2.033974	-0.898821
-0.014928	-0.826067	-1.140837	-0.907228
0.163493	0.254631	0.025925	-0.782680
-0.431244	-0.374388	-0.596477	-0.744382
-0.709742	-1.180151	-2.759467	-0.804476
-0.082408	-0.458297	-1.866330	-0.859589
0.448853	0.730114	0.185861	-0.868930
-0.380921	0.105856	0.135761	-0.927467
-1.114049	-1.452706	-2.011814	-0.995969
-0.653699	-1.343208	-2.069622	-1.100589
-0.361477	-0.823687	-0.803623	-1.112110
-0.601660	-0.709428	0.249450	-1.063536
-1.127202	-1.505669	-0.507837	-0.994412
-0.739479	-1.898434	-1.616791	-1.009980
-0.110429	-0.843325	-0.221687	-1.014028
-0.088127	0.012426	0.711916	-0.988807
-0.519883	-0.140514	-0.009723	-0.914078
-0.717748	-0.756441	-2.045535	-0.891037
0.009662	0.153464	-1.422170	-0.966700
0.139475	1.001479	-0.446175	-0.986939
-0.549048	0.248085	-0.871065	-1.051081
-0.968796	-0.795717	-2.819202	-1.150720
-0.553051	-0.743349	-2.163079	-1.218598
-0.028081	0.082052	-0.232285	-1.178120
-0.350040	-0.106594	0.264866	-1.167845
-0.836695	-1.399742	-1.128312	-1.153522
-0.289994	-1.396171	-1.389412	-1.224514
0.684460	0.152869	0.378555	-1.204898
0.641570	0.417092	0.925806	-1.133283
0.099444	-0.696336	-0.577207	-1.109619
0.246985	-1.101598	-2.034937	-1.137331
1.120220	0.027898	-0.843125	-1.118337
1.118504	0.739636	0.507660	-1.084086
0.238407	0.040395	-0.132084	-1.114289
0.185796	-0.498764	-1.675563	-1.139510
0.589531	-0.062557	-0.945253	-1.159127
0.743362	0.798550	0.182971	-1.169402
0.140618	0.443872	0.264866	-1.243819
-0.030940	-0.531494	-1.381705	-1.290213
0.582097	-0.404738	-1.265125	-1.322596
0.904055	0.173697	-0.072349	-1.302668
0.701616	-0.007808	0.874742	-1.240705
0.025102	-1.170629	-0.542522	-1.162863
0.488311	-1.200979	-1.023294	-1.240083
1.368980	0.054678	0.925806	-1.224514
1.070468	0.402215	1.735121	-1.173138
0.347061	-0.353560	0.626167	-1.124876
0.252132	-0.680863	-0.835417	-1.121762
0.829713	0.252250	0.217656	-1.202096
0.882897	0.952681	1.249532	-1.240705
0.039399	0.277244	1.016372	-1.247556
-0.241386	-0.512451	-0.706312	-1.261879
0.309318	0.004689	-0.185075	-1.336296
0.628418	0.862226	1.349733	-1.349062
0.071423	0.528376	1.789075	-1.304848
-0.159038	-0.153607	0.544272	-1.159438
0.377942	-0.101238	0.328455	-1.110553
0.674738	0.362938	1.096340	-1.023681
0.372223	0.474222	1.906618	-0.892594
-0.204787	-0.342253	0.970126	-0.806344
0.154343	-0.454131	0.041341	-0.775207
0.392238	-0.036967	0.424802	-0.672455
0.276722	0.128470	1.287107	-0.523620
0.136615	0.145728	1.238934	-0.384438
0.157774	0.172507	-0.296837	-0.310021
0.552932	0.799740	0.352541	-0.237783
0.491170	1.070510	0.716733	-0.209448
0.088007	0.759274	0.582811	-0.248058
-0.169903	0.391503	-0.477006	-0.229687
0.017096	0.434945	-0.293947	-0.216921
0.081145	0.717617	0.559687	-0.169593
-0.291138	0.445657	1.528938	-0.239340
-0.617100	-0.345228	0.539455	-0.272034
-0.268835	-0.211926	-0.051153	-0.287602
-0.050384	0.390313	0.581847	-0.335242
-0.055531	0.771771	1.393089	-0.513034
0.053123	0.878293	0.987468	-0.651594
0.074282	0.759274	-0.512655	-0.763998
0.197233	0.931852	-0.739070	-0.902246
0.061701	1.132400	-0.609965	-1.049213
0.073139	1.157990	0.223436	-1.119894
0.117744	0.662273	-0.780499	-1.097164
0.138331	0.518854	-0.677408	-1.082218
0.073139	0.478983	0.262939	-1.074434
-0.005778	0.380196	1.079961	-1.086577
0.189799	0.279625	0.517295	-1.081595
0.248701	-0.057796	-0.048262	-1.165665
0.409966	0.064794	0.439254	-1.142313
0.371079	0.013616	0.746601	-1.065093
0.509470	-0.107189	0.138651	-1.013094
0.769668	-0.138134	-0.663919	-1.051081
0.982973	0.107641	-0.897079	-1.015274
1.030437	0.416497	-0.218796	-0.956113
0.880609	0.190955	-0.513618	-0.905983
1.259754	0.101690	-1.784435	-0.878271
1.341531	0.057058	-2.066732	-0.768357
1.263185	0.146918	-1.386522	-0.646923
1.338099	0.047537	-0.335376	-0.590565
1.415873	-0.302381	-1.145654	-0.572194
1.584572	-0.563629	-1.005951	-0.647234
1.530245	-0.785601	-0.506874	-0.703281
1.402148	-0.771914	0.138651	-0.735041
1.437604	-0.685624	0.230181	-0.771160
1.419304	-0.529113	-0.427869	-0.921863
1.463909	-0.349394	-0.472189	-0.977909
1.374127	-0.385695	0.198386	-1.065716
1.399861	-0.464248	-0.542522	-1.174072
1.658343	-0.404143	-1.214061	-1.368056
1.790443	-0.308927	-1.347983	-1.469562
2.039775	0.004689	-0.605148	-1.470185
1.925974	-0.296430	-0.751595	-1.419432
1.828758	-0.663606	-2.034937	-1.416007
2.134705	-0.333921	-1.338348	-1.447455
2.014041	-0.210141	-1.218878	-1.394211
1.648049	-0.123852	-0.546376	-1.410713
1.339243	-0.436278	-0.898043	-1.471742
1.192274	-0.748110	-1.461673	-1.584146
1.155103	-0.814165	-1.215988	-1.609990
0.827426	-0.970676	-0.762193	-1.625870
1.101348	-0.586838	-0.450029	-1.579476
1.287776	-0.737993	-0.865285	-1.486688
1.372411	-1.058751	-1.677490	-1.264681
1.623459	-0.918903	-1.149508	-0.990364
1.991167	-0.555893	-0.926947	-0.737220
2.234209	-0.391646	-1.297883	-0.549153
2.033485	-0.571365	-1.641842	-0.364822
2.121552	-0.254773	-1.332568	-0.254597
1.465625	-0.448180	-0.979938	-0.131917
1.039015	-0.621949	-1.428915	-0.051584
0.972107	-0.702287	-1.557056	-0.003944
0.769668	-0.687410	-1.555129	0.100365
0.429981	-0.667176	-0.412454	0.207788
0.059986	-1.040303	-0.690897	0.309606
0.388807	-0.993290	-0.911531	0.298396
0.771955	-0.997456	-0.678372	0.374059
0.856591	-1.009358	-0.138828	0.377484
0.879465	-1.004597	-0.199527	0.317701
1.177406	-0.872485	-0.304545	0.097874
1.538251	-0.542801	-0.811330	-0.035704
1.445610	-0.447585	-0.373915	-0.072757
0.952092	-0.599930	-0.156171	-0.146863
0.944086	-0.466033	-0.984755	-0.288848
0.997269	-0.393431	-0.895152	-0.462903
0.718200	-0.268461	-0.533851	-0.598038
0.173215	-0.433303	-0.258299	-0.669342
-0.193921	-0.977222	-1.056052	-0.743136
0.383088	-0.608262	-0.758340	-0.787351
0.662157	-0.439849	-0.573353	-0.720718
0.376798	-0.633851	-0.104143	-0.658755
0.246413	-0.876651	-0.742924	-0.545105
0.718772	-0.594574	-0.540595	-0.503693
1.426166	0.278435	0.253304	-0.428030
1.101348	0.027303	0.347724	-0.480340
