# Vib_X	Vib_Y	Vib_Z	Sound
0.674004	0.264086	0.573753	1.955463
0.272065	-0.036250	0.145000	1.943961
0.155936	0.304684	0.561432	2.023078
0.644690	0.501218	0.319951	2.039110
0.960942	0.283001	0.866980	2.115439
0.378046	-0.015028	-0.535090	2.096618
-0.339582	-0.022410	-1.289103	2.111256
0.285594	0.572726	0.024260	2.096967
0.470497	0.378500	-0.569587	1.989967
0.228657	0.199498	0.014403	1.739025
-0.523921	-0.000265	-1.131401	1.440683
-0.456274	0.368811	-0.924417	1.219714
0.120985	0.347128	-0.064448	0.952391
-0.140022	-0.128519	-0.409421	0.765230
-0.556054	-0.130365	0.036580	0.507317
-0.639486	0.164897	-0.710041	0.452249
-0.016565	0.312989	-0.076768	0.446324
0.055593	-0.037634	-0.643510	0.427851
-0.052080	-0.003956	-1.335921	0.347689
-0.263478	0.359585	-0.781499	0.463750
0.527998	0.769260	-0.490736	0.606299
0.876382	0.448624	-0.926881	0.840861
0.836358	0.316218	-0.751930	0.917189
0.624395	0.592103	0.278061	0.922068
0.981236	0.869372	0.019332	0.961104
1.608667	0.545968	0.756096	0.856545
1.180796	-0.072235	0.159785	0.656139
0.500939	-0.243856	-0.682936	0.567961
0.750107	0.168587	0.088326	0.603511
1.455333	0.438013	0.714206	0.493724
1.338641	0.341131	0.477653	0.512545
0.821701	0.237328	-0.315785	0.513939
0.726430	0.670070	0.273133	0.470721
1.304253	0.919658	0.775809	0.441096
1.188125	0.356355	0.206603	0.547398
0.663293	0.074473	-0.397101	0.495815
0.369590	0.468001	-0.052127	0.532759
0.757999	0.725893	0.462869	0.509756
0.989692	0.361430	0.943367	0.589570
0.457532	-0.006724	0.300238	0.761744
-0.323797	-0.243856	0.273133	0.898717
-0.042496	0.157515	1.204561	1.035341
-0.003599	-0.094380	0.682173	1.086575
-0.144531	-0.264616	0.741311	1.132930
-0.699241	-0.151125	-0.214758	1.193226
-0.544215	0.397876	0.019332	1.380387
0.067431	0.592564	0.233708	1.485295
-0.201468	0.080470	-0.436526	1.586020
-0.056590	0.384959	1.243987	1.641785
-0.187938	0.660843	1.076428	1.836962
0.247261	0.641928	1.024682	1.863799
0.326183	0.139061	0.551576	1.939430
0.243878	-0.050552	0.699422	2.029700
0.065740	0.144597	1.726949	2.186190
0.180740	0.135370	0.248492	2.433996
0.410178	-0.139592	0.270669	2.682498
0.099563	-0.363344	-0.167940	2.994434
-0.246566	-0.220327	-0.507985	3.291731
0.035298	0.243325	-0.069376	3.467390
0.168902	0.056480	-0.848030	3.536400
0.156500	-0.016412	-0.342890	3.571601
-0.040805	0.404796	0.625499	3.410231
0.077578	0.740656	0.699422	3.386531
0.425399	0.362814	-0.212293	3.350632
0.478390	-0.084230	0.117895	3.356558
0.496429	-0.066699	1.288340	3.214357
0.020641	-0.070390	0.282990	2.996176
0.531944	0.058326	0.554040	2.834807
0.771529	-0.286761	0.948295	2.714912
0.367899	-0.540501	0.004547	2.493595
0.030225	-0.329205	1.012362	2.285173
0.133951	-0.071312	0.938439	2.151686
0.126622	-0.266462	0.152393	2.018547
-0.089286	-0.288145	0.462869	1.801412
-0.888654	-0.478681	-0.645974	1.495053
-0.759560	-0.157584	-0.517841	1.335426
-0.193012	-0.160352	0.519543	1.058344
-0.306885	-0.619853	0.297774	0.861076
-0.696422	-0.649840	-0.010238	0.810190
-0.904438	-0.397023	-0.914560	0.791369
-0.018256	-0.046400	0.132680	0.765927
0.107456	-0.496673	0.800450	0.829708
0.023460	-0.559878	1.455899	0.771503
0.049392	-0.396100	2.032497	0.734907
0.489100	-0.192185	1.746662	0.691341
0.772093	-0.416399	2.209912	0.589221
0.412997	-0.854678	1.037003	0.482919
0.233731	-0.552035	1.815657	0.447718
0.397776	-0.197721	1.988143	0.532062
0.880892	0.005271	2.885074	0.675657
0.742779	-0.307060	1.490396	0.842255
-0.192448	-0.619853	-1.153578	0.872577
0.035298	-0.139130	-0.121122	0.891049
0.444566	-0.205564	-0.148227	0.839815
0.326746	-0.437621	0.401266	0.814721
-0.302939	-0.696897	-0.909632	0.715041
-0.333381	-0.336125	-0.953986	0.712601
0.201035	-0.051013	-0.475952	0.765927
0.211746	-0.362883	0.181962	0.772549
-0.258405	-0.581561	-0.155619	0.679142
-0.706569	-0.583406	-1.429556	0.699357
-0.123673	-0.295065	-0.830781	0.648820
-0.152424	-0.622159	-0.569587	0.473858
-0.450073	-0.649379	0.073542	0.381497
-1.156425	-0.641997	-1.175755	0.207928
-0.945027	-0.123906	-0.616405	0.031920
-0.714462	-0.209255	-0.227078	-0.170576
-0.818752	-0.383644	0.100647	-0.321142
-1.260152	-0.402559	0.243564	-0.384226
-1.362187	-0.365190	-0.177796	-0.386317
-0.544779	-0.226325	0.990185	-0.396773
-0.317596	-0.713506	0.662460	-0.300927
-0.786055	-1.001386	0.039044	-0.290122
-1.061719	-1.100575	-0.436526	-0.154544
-0.098306	-0.754104	0.839875	0.048650
0.056720	-1.087196	1.024682	0.239296
-0.184556	-1.283268	0.669853	0.322247
-0.213870	-0.885127	1.791016	0.408682
-0.149605	-0.768406	0.977864	0.462705
0.089416	-1.030450	0.849732	0.532062
-0.013746	-1.140712	0.642748	0.656488
-0.691349	-1.020762	0.292846	0.694129
-0.492352	-0.665526	0.926118	0.778125
-0.221199	-0.812695	0.231244	0.725846
-0.182865	-0.936336	0.775809	0.709465
-0.588186	-0.907732	1.187312	0.580857
-0.924169	-0.820999	1.078892	0.634182
-0.853703	-0.934952	-0.687864	0.830753
-0.804658	-1.353392	-1.402451	1.079605
-0.908385	-0.983855	0.699422	1.191483
-1.341892	-0.713967	0.413587	1.404087
-1.164318	-0.725962	-0.436526	1.615645
-1.199833	-1.098730	-0.751930	1.617388
-0.946154	-0.820538	1.224274	1.628541
-1.481134	-0.743955	1.113390	1.547682
-1.592188	-0.621698	0.467797	1.422907
-1.314833	-0.685364	1.054251	1.154190
-1.356549	-1.150862	0.563896	0.909521
-1.536379	-0.952483	1.024682	0.764532
-1.714518	-0.884204	0.618107	0.711904
-1.414613	-0.981548	0.337200	0.537290
-1.125420	-1.061361	0.063685	0.457128
-1.128803	-0.902196	1.029610	0.283560
-1.266916	-0.877745	0.980329	0.211414
-0.866669	-0.974166	0.068613	0.207580
-0.523357	-1.206223	-0.128514	0.212111
-0.464166	-1.310487	-0.148227	0.288439
-0.435979	-1.174390	0.815234	0.303077
-0.105070	-1.167931	0.105575	0.287394
0.261918	-1.408293	-0.081696	0.200261
0.442875	-1.599751	0.743775	0.330611
-0.110144	-1.861334	-0.392172	0.511847
0.058975	-1.431360	-0.320714	0.605254
0.436674	-1.308642	0.108039	0.646380
0.444566	-1.520861	0.211531	0.675309
0.156500	-1.428131	0.167177	0.658579
0.056720	-1.286959	-0.325642	0.680885
0.685842	-0.993081	0.770880	0.549140
0.782803	-1.205300	0.689565	0.506271
0.507703	-1.268044	-0.118658	0.418093
0.323364	-1.274041	-0.323178	0.356403
0.495301	-1.393068	-0.271432	0.366510
0.710646	-1.676335	-0.843102	0.400666
0.726430	-1.638504	0.403730	0.489193
0.206108	-1.724315	0.115431	0.446324
0.387629	-1.404602	-0.537554	0.444581
0.621577	-1.328480	0.329807	0.436216
0.378046	-1.480263	0.640283	0.394393
0.288413	-0.982009	2.256730	0.317019
-0.119164	-1.041061	0.726527	0.367904
-0.265169	-1.188692	-0.330570	0.332005
-0.139458	-1.257433	0.071077	0.257420
-0.020511	-0.899890	1.906828	0.073744
-0.208233	-0.834378	1.827977	-0.107492
-0.304067	-1.232059	0.497366	-0.312428
0.290668	-1.325250	1.347479	-0.446613
0.178486	-1.543006	-0.094017	-0.513531
-0.217252	-1.618205	-0.426670	-0.561279
-0.127619	-1.702170	-0.493200	-0.618090
0.450767	-1.738616	0.189354	-0.660959
0.303070	-1.877020	-0.118658	-0.652595
-0.498553	-2.130299	-1.589723	-0.729968
-0.067300	-1.581297	-0.488272	-0.681523
0.102382	-1.399988	-0.202437	-0.610771
0.097309	-1.325250	0.802914	-0.528169
-0.397082	-1.430899	0.167177	-0.495756
-0.569020	-1.335400	0.019332	-0.398167
-0.317033	-1.080276	1.352407	-0.411063
-0.401028	-1.242669	1.470683	-0.405138
-0.668236	-1.233443	1.239058	-0.399910
-1.119783	-1.216834	-0.000381	-0.375861
-0.699805	-0.977396	1.847690	-0.419776
-0.464166	-1.296647	1.588960	-0.263983
-0.529558	-1.293879	1.093677	0.003689
-0.698114	-1.153630	1.655491	0.056666
-0.859340	-1.273580	-0.315785	0.091519
-0.588186	-1.387993	-0.278824	0.100581
-0.242057	-1.170700	1.426330	0.104415
-0.298993	-1.008306	1.404153	0.070607
-0.505318	-0.937259	-0.160547	0.146238
-0.545343	-0.977396	-0.956450	0.116613
-0.096614	-0.732421	0.489974	0.082109
0.195397	-0.126674	1.815657	-0.032209
-0.081957	-0.235552	0.351984	-0.169182
0.072504	-0.230938	0.361841	-0.273393
0.258535	-0.466686	0.039044	-0.274787
0.393830	-0.334741	1.064108	-0.380043
0.219638	-0.213868	0.433299	-0.384923
0.076451	-0.332434	-1.027909	-0.427444
0.602974	-0.418706	0.546648	-0.482163
0.562385	-0.784092	-0.776571	-0.413154
0.495865	-0.786399	-0.204901	-0.518759
0.391012	-0.953406	-0.071840	-0.624015
0.559003	-1.150400	-0.941666	-0.687448
0.918662	-0.964939	0.164713	-0.634471
0.781676	-0.793319	0.388946	-0.682220
0.874691	-0.550189	0.135144	-0.699995
0.849323	-0.543731	-0.488272	-0.741819
1.165012	-0.586636	0.228780	-0.704874
0.985746	-0.733344	0.724063	-0.706965
0.573660	-0.798855	0.115431	-0.718816
0.545473	-0.726424	-0.199973	-0.799675
0.952486	-0.800239	0.886693	-0.840104
1.046629	-1.035064	1.317910	-0.955817
0.503757	-1.334477	-0.071840	-0.940481
0.546601	-1.196074	0.120359	-0.854743
0.638489	-1.386609	0.201675	-0.874957
0.862853	-1.333555	0.940903	-0.806994
0.721921	-1.335400	1.246451	-0.790264
0.502066	-1.353854	-0.303465	-0.695812
0.508831	-1.301722	-1.128937	-0.709057
0.697117	-1.185463	0.637819	-0.504469
0.807044	-0.905426	1.581568	-0.399213
0.451894	-0.862521	-0.133442	-0.437202
0.609175	-0.767483	-0.431598	-0.444870
0.925427	-0.862059	-0.633654	-0.303715
1.165012	-1.035987	-0.111266	-0.212748
0.982364	-1.137483	-0.057055	-0.128753
0.848196	-1.168393	-0.530162	-0.102613
1.361753	-1.326173	0.053829	0.019025
1.543838	-1.392607	0.618107	0.107203
1.450823	-1.369078	0.250956	0.030526
1.234914	-1.179465	-0.187652	0.049347
1.203909	-1.273118	0.625499	-0.051727
0.914716	-1.386609	-0.207365	0.023556
0.375227	-1.319253	-0.924417	-0.020708
0.549983	-0.625850	0.130216	-0.124919
0.715720	-0.090228	1.002505	-0.239585
0.313781	-0.597708	1.076428	-0.316611
-0.073501	-1.052595	-0.552339	-0.541065
-0.117472	-0.821922	-0.820925	-0.766564
0.238241	0.015882	1.155279	-0.877746
0.165520	-0.068083	0.191818	-0.960347
0.139588	-0.451923	-0.098945	-1.083030
0.441747	-0.677521	0.112967	-1.257296
0.437237	-0.983855	-0.015166	-1.387995
0.513905	-1.241285	0.820162	-1.322123
0.354933	-1.466422	0.068613	-1.220352
0.402286	-0.987084	0.832483	-1.169815
0.571405	-0.661374	0.043972	-1.042601
1.146409	-0.510975	0.164713	-0.926191
1.024080	-0.719965	-0.313321	-0.688493
0.381428	-0.994004	-1.666109	-0.698601
0.355497	-0.252621	-0.264039	-0.702435
0.563513	0.160744	-0.180260	-0.754366
0.963197	-0.142821	-0.148227	-0.783642
0.956996	-0.480526	-0.569587	-0.786431
0.941211	-0.367496	-0.892384	-0.739379
0.823956	-0.376262	-1.185611	-0.672461
0.986310	-0.355040	-0.081696	-0.571387
0.748980	-0.414554	-0.621333	-0.458463
0.365080	-0.437621	-1.390131	-0.508651
0.919790	0.080470	0.332272	-0.594041
1.064668	-0.129442	-0.096481	-0.627152
0.419762	-0.604167	-0.870207	-0.677689
-0.320979	-0.682596	-1.289103	-0.795841
-0.313650	0.008500	0.273133	-0.723346
0.278829	0.306530	1.335158	-0.621227
0.372972	-0.024255	0.172105	-0.513182
0.434419	0.053251	0.726527	-0.515273
-0.064482	-0.032559	-0.219686	-0.444870
-0.291101	-0.167734	-1.703071	-0.380392
0.149735	-0.159430	-1.096904	-0.295699
0.214001	-0.193108	-0.034879	-0.292911
0.216819	-0.169118	0.213995	-0.370982
0.009930	-0.247547	-1.077191	-0.419427
0.345913	-0.271998	-0.485808	-0.460554
0.210054	-0.391486	-0.621333	-0.500635
-0.271370	-0.323207	-0.838174	-0.535837
-0.224017	-0.016412	-0.436526	-0.545247
0.172285	-0.188033	-0.825853	-0.398864
0.417507	-0.476374	-0.209829	-0.167788
0.129441	-0.567259	-0.424206	-0.184866
-0.018256	-0.243394	-0.594228	-0.195322
0.140152	-0.340738	-1.136329	-0.165697
0.741651	-0.483294	-0.244327	-0.145482
0.639616	-0.636461	-0.219686	-0.311383
0.430473	-0.673830	-0.848030	-0.442082
1.134007	-0.474067	0.391410	-0.507954
1.391067	-0.773481	-0.318249	-0.455326
1.266483	-1.026298	-0.944130	-0.431626
1.016187	-1.231136	-1.313744	-0.383877
1.495357	-1.152707	-0.567123	-0.288031
2.236661	-1.299876	0.430835	-0.179290
1.864600	-1.937918	-1.360562	-0.193579
1.581608	-1.836883	-0.899776	-0.364011
1.494794	-1.101036	0.282990	-0.453932
1.468862	-0.993543	-0.369996	-0.490528
1.390504	-1.272196	-0.981091	-0.464039
0.827902	-1.301722	-1.542905	-0.534094
0.617067	-0.569105	0.265741	-0.570690
0.730940	-0.260926	0.329807	-0.615302
0.588317	-0.506362	-0.848030	-0.458114
0.207799	-0.479604	-0.505521	-0.370982
-0.099997	-0.351811	-0.648438	-0.344493
0.472752	0.012191	0.546648	-0.301275
0.812681	-0.298295	0.366769	-0.237494
0.502066	-0.813618	-0.170404	-0.221462
0.216819	-0.767483	-0.177796	-0.326718
0.755181	-0.212023	-0.034879	-0.421170
1.425455	-0.223095	0.011939	-0.333340
1.541583	-0.707970	-1.116616	-0.389454
1.525799	-0.464840	-0.761787	-0.473798
1.084399	-0.051936	-1.533048	-0.406880
1.340895	0.194884	-1.496087	-0.458811
1.626143	0.378961	0.137608	-0.361223
1.464352	0.616093	0.435764	-0.472056
0.917535	0.913199	-0.537554	-0.581494
0.736014	0.931192	-1.190539	-0.628546
0.909643	0.626242	-0.387244	-0.559885
0.495301	0.211031	-0.695256	-0.587768
-0.092668	0.281617	-0.581908	-0.698949
-0.118600	0.699596	0.275597	-0.768307
0.096181	0.611479	-0.170404	-0.832437
-0.266297	0.162590	-1.008196	-0.935602
-0.701496	0.294535	-0.761787	-1.156919
-0.681765	0.944571	-0.177796	-1.354536
-0.555490	1.037302	-0.298537	-1.336064
-0.569020	0.880905	-0.025022	-1.290058
-0.594387	1.083436	0.322415	-1.274722
-0.889218	1.392076	-0.914560	-1.170512
-0.549853	1.521253	-1.621756	-1.129734
-0.137203	1.296116	-1.345777	-0.941875
-0.302376	1.086204	-1.136329	-0.958256
-0.534632	1.187239	-1.069798	-0.877746
-0.269116	1.141104	-1.510872	-0.705920
0.340276	0.895668	-0.968771	-0.502029
0.290668	0.667302	-1.005732	-0.317656
-0.101688	0.860145	-1.146185	-0.255269
0.030788	1.186316	-0.345355	-0.206126
0.259099	1.139720	-0.586836	-0.061486
0.238241	0.926579	-1.781922	0.012054
-0.060536	1.243984	-1.404915	0.033663
-0.089850	2.064257	0.066149	0.081063
0.241623	2.075330	0.068613	0.045862
0.278829	1.739008	-0.074304	0.011357
-0.013182	1.602911	-0.328106	-0.115160
-0.136075	1.805904	-0.027486	-0.180335
0.372972	1.869569	0.130216	-0.351464
0.516159	1.327027	-1.217644	-0.382832
0.586062	1.237526	-0.870207	-0.391196
0.358315	1.440979	-1.030373	-0.404789
0.798588	1.791141	0.031652	-0.397121
1.249571	1.629670	0.174569	-0.394682
0.970525	1.218610	-1.850917	-0.504120
0.966579	1.700717	-1.042693	-0.790961
0.978981	1.867263	-1.730176	-1.034236
1.303689	1.779607	-1.594651	-1.077105
1.153737	1.374084	-1.468982	-1.153434
0.884275	1.216304	-1.220108	-1.243703
0.672312	1.541552	-0.527698	-1.237430
0.592263	1.196927	-1.035301	-1.184453
0.745034	0.844920	-0.806140	-1.048177
0.326183	0.606866	-0.875135	-1.015764
0.052774	0.897052	0.127752	-0.886807
0.373536	1.049296	0.342128	-0.772838
0.602410	0.464310	-0.670615	-0.693373
0.592827	0.181966	-1.276782	-0.762033
0.371845	0.561193	-0.594228	-0.681871
0.896113	1.252289	0.583609	-0.548384
1.199963	1.025768	-0.227078	-0.393636
1.053393	0.479534	-1.326064	-0.275136
1.092291	0.858299	0.221387	-0.359480
0.849323	0.874908	-0.446382	-0.375164
1.248444	0.822776	-0.949058	-0.242025
1.588373	0.774334	-0.118658	-0.173364
1.342023	0.816317	-0.207365	-0.243071
1.267611	1.268436	0.625499	-0.277924
1.100183	0.944571	-0.961378	-0.324975
1.197708	0.821853	-0.520305	-0.286289
0.738833	0.806167	-0.411885	-0.298836
0.328438	1.461740	0.216459	-0.284546
0.720229	2.246489	2.345437	-0.276181
0.584934	1.950766	1.108461	-0.102264
0.425963	1.950305	0.127752	0.001250
-0.121982	2.335529	0.029188	-0.062532
0.130005	2.818096	1.406617	-0.082398
0.326746	2.757199	0.780737	-0.020359
0.034171	2.506227	-0.022558	0.033663
-0.178919	2.689842	0.576217	0.022858
-0.429778	2.625715	-0.981091	0.063985
-0.090413	2.376127	-1.582330	0.183880
0.286722	2.132075	-0.278824	0.241387
0.129441	1.845579	0.135144	0.239993
-0.141713	2.011664	-0.434062	0.323641
0.281648	2.027350	-0.305929	0.445975
0.960378	1.872337	0.499830	0.635576
1.174032	1.895866	1.019754	0.705631
0.548292	1.755156	0.063685	0.729679
0.722484	1.682724	-0.305929	0.714693
1.181360	1.427600	0.206603	0.796249
1.318910	1.387002	0.100647	0.806356
0.981800	1.529557	-0.552339	0.774291
0.906260	1.645355	-0.877599	0.768018
1.107512	1.585380	-0.367531	0.771155
1.039864	1.303959	0.647676	0.708070
0.568023	1.316877	0.876837	0.648820
-0.261787	1.037763	-1.353169	0.633485
0.016132	0.939958	-1.439413	0.680188
0.693734	1.256902	0.637819	0.945769
0.637361	1.295655	0.615642	1.132233
0.159883	0.998087	-0.998340	1.305453
0.137333	0.736965	-1.983978	1.484946
0.612557	0.844920	-0.532626	1.614600
0.528561	0.872601	-0.098945	1.626450
0.051083	0.932115	-0.241863	1.542802
0.490228	1.160942	0.825091	1.439288
0.485718	0.838000	-0.409421	1.456018
0.348732	0.641467	-0.500593	1.365748
0.030225	0.923810	-0.599156	1.227730
0.033043	1.071441	-1.858309	1.128747
0.557312	1.235680	-0.983555	1.142340
0.498684	0.977327	-1.631612	1.215880
0.184687	1.190007	-1.247213	1.214486
0.031352	1.680879	-0.660759	1.216926
0.184123	1.735779	-0.835709	1.166040
0.220202	1.507413	-0.993412	1.074028
0.116475	1.409146	-1.257070	0.953436
0.051083	1.575231	-0.473487	0.789627
0.375227	1.065905	-1.057478	0.661019
0.666111	0.868910	0.265741	0.661367
0.773220	1.026229	1.758983	0.608042
0.290104	0.806629	0.110503	0.521606
0.154809	0.541355	-1.552761	0.365813
0.547728	0.682065	-0.116194	0.421926
0.953613	0.760494	1.628386	0.353266
0.502066	0.635469	0.236172	0.203746
0.031352	0.572726	-1.833668	0.303077
0.438929	0.507676	-1.183147	0.528925
1.064104	0.676990	1.322838	0.756168
0.636798	0.561193	0.743775	0.950997
0.014440	0.366505	-0.564659	1.154887
0.415816	0.225333	0.108039	1.257007
0.602974	0.139984	0.684637	1.323228
0.428781	0.402028	1.174992	1.354944
-0.091541	0.351280	0.433299	1.356687
0.200471	0.467539	0.231244	1.303013
0.340840	0.357739	-0.126050	1.354595
-0.008673	0.056019	-1.725248	1.414891
0.003166	0.828312	-0.098945	1.503070
0.143534	1.409608	0.879301	1.559183
0.087161	1.372700	0.282990	1.609720
-0.114090	1.117576	-0.500593	1.603795
-0.414558	1.378236	-0.296073	1.603447
-0.090413	1.757924	1.330230	1.486340
-0.021075	1.380543	0.428371	1.409663
-0.096051	0.989783	-0.076768	1.584626
-0.170463	0.959334	-0.244327	1.713931
0.093362	1.409608	0.869444	1.834871
0.715720	1.380081	1.460827	1.930020
0.725303	0.928424	-0.207365	2.015062
0.431036	0.805245	-0.912096	1.974981
0.214564	1.218610	0.036580	1.947447
0.689788	1.540630	1.059180	2.032140
0.481772	1.223224	-0.044735	2.119970
0.288977	1.142488	0.356913	2.074661
-0.283772	1.271665	0.795521	2.019244
-0.143404	1.518485	0.758560	1.908411
-0.079139	1.361166	0.657532	1.769696
-0.386935	1.151254	-0.017630	1.667925
-0.664854	1.390231	0.487510	1.519799
-0.780982	1.525867	1.113390	1.335426
-0.413994	1.483423	1.150351	1.241323
-0.920787	1.034533	-0.170404	1.212395
-1.027895	1.398074	0.507222	1.048934
-1.026768	1.832200	0.788129	0.994911
-0.870615	1.440518	-0.461167	1.062875
-0.387499	1.184932	-0.244327	1.063223
-0.337327	1.001317	-0.788892	1.059738
-0.499117	1.106965	0.243564	1.019657
-0.518284	0.808013	-0.207365	0.913355
-0.309140	0.685756	-0.126050	0.898717
0.257971	1.040992	2.020177	0.907082
-0.468112	0.767414	0.659996	0.861773
-0.666545	0.600868	-0.774107	0.813327
-0.130438	0.742040	-1.185611	0.829011
0.084907	1.111117	0.480117	0.758259
-0.151860	1.379620	0.928583	0.556459
-0.314778	1.181703	-1.390131	0.300638
0.260790	1.114808	-0.544946	0.129509
0.608611	1.088972	0.926118	0.039936
0.151427	0.957489	0.103111	-0.054515
0.095054	1.241216	1.586496	-0.116902
0.590008	1.337176	2.254266	-0.086929
0.515596	0.926117	1.406617	-0.062880
0.362261	0.717128	0.701886	-0.051727
-0.006981	0.817701	0.186890	0.165756
0.621013	1.092663	2.419360	0.541821
0.471061	0.833387	1.896972	0.855848
0.177358	0.601330	0.287918	1.087621
-0.189066	0.807090	-0.005309	1.303710
0.131696	1.292887	1.653026	1.389797
0.411306	1.101429	1.744198	1.454275
-0.129874	0.434323	-0.101409	1.592294
-0.521666	0.285308	-0.404493	1.801761
-0.375660	0.372502	1.081356	1.861011
0.237677	0.468923	2.877682	1.861708
-0.231909	-0.175115	-0.071840	1.884014
-0.115781	-0.064392	0.152393	1.918170
-0.307449	0.043563	0.115431	1.817793
-0.189630	0.056480	-1.010660	1.689185
0.088853	0.334210	0.223851	1.675941
0.052210	0.464310	0.172105	1.607978
-0.085340	0.796940	0.775809	1.464731
-0.141149	0.502602	-0.569587	1.366446
0.230349	0.571342	0.361841	1.288026
0.218510	0.401106	0.263277	1.112715
-0.109016	0.440320	-0.648438	1.062875
0.495301	0.723125	0.980329	0.962847
0.717975	0.296380	0.401266	1.008504
0.477262	-0.096687	-0.549874	1.057996
0.604665	-0.063931	-0.761787	1.098077
0.986310	0.262702	0.847267	1.193226
1.323984	0.139061	0.980329	1.228427
1.278322	0.046792	0.492438	1.314514
1.197708	0.301455	1.110926	1.371673
0.889912	0.485071	0.509686	1.321485
0.799152	0.496143	-0.951522	1.265720
0.721921	0.712975	-0.094017	1.139900
0.765892	1.028075	1.000041	0.948557
0.111402	1.010082	-0.022558	0.684370
-0.028403	0.653923	-0.569587	0.341067
-0.075756	0.192577	-0.850494	0.218036
0.243314	0.325906	0.800450	0.114174
-0.138894	0.101692	0.181962	0.170636
-0.164262	-0.021026	0.571289	0.226749
0.117603	-0.138208	0.913798	0.307260
-0.080266	-0.397023	0.361841	0.421926
-0.021638	-0.079155	1.337622	0.502437
-0.482205	-0.193569	-0.663223	0.464447
0.028534	0.161667	0.085862	0.435519
-0.297866	-0.085153	-0.621333	0.545306
-0.457965	-0.169118	-1.229965	0.595843
-0.246566	0.248862	-0.135906	0.715390
-0.155242	0.199959	-1.528120	0.839118
0.075323	0.349435	-1.210252	0.955876
0.164392	0.015421	-1.202860	1.078907
-0.041369	-0.099916	-1.217644	1.134672
-0.015437	-0.214791	-0.589300	1.094940
-0.213870	-0.589865	-0.384780	1.165692
-0.314214	-0.749952	-0.769179	1.227382
-0.420195	-0.724578	-1.358098	1.250036
-0.217252	-0.637845	-0.722361	1.194271
0.115912	-0.597247	-0.606549	1.216577
-0.089286	-0.620314	-1.436949	1.245505
-0.128747	-0.445464	-1.096904	1.194620
-0.212743	-0.244317	-0.680471	1.179981
0.243314	0.045408	0.213995	1.159070
0.010494	-0.056549	-0.365067	1.171617
-0.095487	-0.365651	-1.301423	1.217971
-0.057153	-0.432546	-0.512913	1.197757
-0.127619	-0.710738	-0.779035	1.234701
-0.158625	-1.067358	-0.562195	1.415588
-0.087031	-1.436896	-0.926881	1.632026
-0.010364	-1.420288	-0.308393	1.867633
-0.054898	-1.686484	-0.443918	1.879135
-0.115217	-1.930997	-0.808604	1.926535
0.214001	-1.504253	0.135144	1.926535
-0.013182	-1.263891	-0.232006	1.934900
-0.114654	-1.226061	-0.017630	1.968010
0.045445	-1.151323	-0.626261	1.862057
0.311526	-1.022608	-0.512913	1.635163
0.734886	-0.962633	-0.101409	1.380735
0.274883	-1.309103	-0.756858	1.192528
0.179049	-1.455350	-0.759323	1.009201
0.317727	-1.483953	-0.202437	0.802871
0.675131	-1.455811	0.465333	0.604557
0.314908	-1.663417	-0.049663	0.503134
-0.039114	-2.110922	-1.294031	0.438656
0.082088	-1.903317	-0.387244	0.412516
0.756308	-1.596060	1.110926	0.366161
0.790696	-1.672644	1.034539	0.283908
0.415252	-1.947606	-0.505521	0.137177
0.248388	-1.820736	-1.234893	0.016236
0.975035	-1.108879	1.170064	-0.106098
1.158247	-0.856062	1.209489	-0.265377
0.442311	-1.106111	-0.670615	-0.427792
0.219638	-1.040139	-0.877599	-0.419427
0.270373	-0.878206	0.034116	-0.365754
0.681896	-1.011074	0.522007	-0.278272
0.136770	-1.765836	-0.520305	-0.245162
-0.068428	-2.056484	-0.852958	-0.244116
-0.155242	-1.757070	-0.397101	-0.217976
0.098436	-1.518554	0.199210	-0.114811
0.052774	-1.534701	0.051365	0.031920
-0.242620	-1.645424	-0.875135	-0.036740
-0.435979	-1.462731	-0.998340	-0.019314
0.084343	-1.210375	-0.064448	0.041331
0.228657	-1.172084	0.349520	0.046210
-0.001908	-1.539315	-0.527698	0.072001
0.117603	-1.707706	-0.685400	0.166453
0.482899	-1.737232	-0.002845	0.243479
0.884275	-1.825349	1.061644	0.439353
0.186942	-2.401570	-0.296073	0.565870
-0.517156	-2.766033	-2.447227	0.619544
-0.185684	-2.348977	-0.195045	0.605254
0.376355	-2.082319	1.022218	0.538684
0.103510	-2.220261	0.423443	0.428200
-0.481078	-2.562580	-1.574938	0.303774
-0.548162	-2.275162	-1.646397	0.156694
0.421453	-1.762145	1.145423	-0.053121
0.000347	-2.142755	0.085862	-0.220416
-0.135512	-1.955449	0.174569	-0.419427
-0.319287	-1.735387	0.063685	-0.565113
-0.044751	-1.744152	0.206603	-0.710799
0.089980	-1.849801	0.334736	-0.633077
-0.309704	-2.379887	-0.771643	-0.522593
-0.133820	-2.265473	0.931047	-0.361571
-0.376788	-2.493378	-0.064448	-0.208218
-0.178355	-2.662230	-0.685400	-0.034998
0.001475	-2.704674	0.514615	0.039936
-0.004163	-2.439862	0.342128	0.039588
-0.344655	-2.234102	-0.195045	0.151815
-0.141149	-2.235486	-0.636118	0.281120
-0.143968	-2.136758	-0.485808	0.366859
-0.148477	-2.037568	-0.340426	0.530668
-0.351984	-1.876097	-0.138371	0.706328
-0.145095	-2.074937	-0.719897	0.667641
-0.088722	-2.068017	-0.638582	0.558202
-0.293920	-2.174588	-0.815997	0.391256
-0.601716	-2.256708	-1.594651	0.240342
-0.446690	-2.302842	-1.365490	0.013100
-0.177228	-2.596258	-0.734682	-0.090763
-0.341837	-2.762804	-0.803676	-0.225993
-0.600588	-2.736969	-1.326064	-0.323233
-0.634976	-2.779413	-1.454197	-0.369239
-0.340145	-2.946881	-1.737568	-0.375164
-0.207669	-2.834313	-0.448847	-0.424307
-0.072374	-2.266857	0.640283	-0.517016
-0.657525	-2.269164	-0.670615	-0.577660
-0.532377	-2.487842	-1.621756	-0.515273
-0.270807	-2.409874	0.004547	-0.421519
-0.247694	-2.110922	1.620993	-0.335780
-0.614118	-1.935611	-0.175332	-0.115508
-0.298993	-2.036646	-1.422164	-0.010949
0.004857	-2.079089	0.307631	-0.012692
-0.159752	-2.408029	-0.394636	-0.145482
-0.484460	-2.407568	-0.793820	-0.240282
-0.061663	-2.331907	0.398802	-0.384574
0.442311	-2.521059	0.090790	-0.421867
0.207799	-2.640547	-0.138371	-0.508303
-0.179483	-2.592567	-1.151114	-0.552566
-0.098306	-2.192119	-0.690328	-0.614256
0.292359	-2.121995	-0.584372	-0.643184
0.291795	-2.134912	0.009475	-0.594390
0.226403	-1.579452	0.711742	-0.518759
-0.260096	-1.312333	-0.347819	-0.495756
0.210054	-1.383841	-0.584372	-0.538974
0.159883	-1.659265	0.051365	-0.506212
0.105201	-1.519477	1.347479	-0.540368
-0.481641	-1.639427	0.418515	-0.455326
-0.402719	-1.908391	-0.126050	-0.433717
-0.207669	-2.086932	-0.350283	-0.373770
-0.175536	-1.954526	1.009898	-0.373770
-0.476004	-1.527781	1.931469	-0.360526
-0.580858	-1.817506	0.546648	-0.337174
0.104073	-2.007581	0.945831	-0.367496
0.038681	-2.025573	1.468219	-0.581494
-0.039678	-1.609901	1.948718	-0.866593
-0.433724	-1.802743	0.172105	-1.134961
0.084343	-1.998354	-1.027909	-1.305742
0.182432	-1.997431	-0.596692	-1.464672
-0.028967	-1.749689	0.051365	-1.576899
-0.302939	-1.543928	0.369233	-1.648696
-0.221762	-2.115074	-0.963842	-1.753604
-0.029531	-2.353129	-0.512913	-1.774167
-0.058844	-2.283466	0.482581	-1.944250
-0.434288	-2.072169	0.453012	-2.011517
0.077578	-1.989127	0.901478	-1.997227
0.496993	-2.052793	0.761024	-1.890577
0.020641	-2.172281	-0.850494	-1.807975
-0.404411	-2.016808	-1.010660	-1.608964
0.285030	-1.473804	0.085862	-1.333276
1.108639	-1.286036	0.630427	-1.104291
0.515032	-1.739539	-0.443918	-1.022735
-0.076884	-1.875175	-2.099790	-0.963136
0.025151	-1.733541	-0.138371	-0.924797
0.925427	-1.510250	2.002928	-0.804206
0.501502	-2.052331	0.359377	-0.670370
-0.176664	-2.185660	-1.614363	-0.679083
-0.236983	-1.602981	-1.160970	-0.608331
0.793514	-1.293418	0.748704	-0.491922
0.767583	-1.717394	0.110503	-0.410714
0.010494	-2.047718	-1.493623	-0.452538
-0.143404	-1.478417	-1.141257	-0.390499
0.384811	-1.548542	-0.485808	-0.309989
1.013369	-1.555001	1.160208	-0.115857
0.305325	-2.074476	-1.104296	0.024253
-0.355366	-1.939302	-1.993834	0.108249
0.153118	-1.498255	0.211531	0.131600
0.694298	-1.789364	-0.145763	0.084548
0.398340	-1.890860	0.019332	-0.077518
-0.560564	-2.164900	-2.213139	-0.174759
-0.465857	-1.557307	-0.483344	-0.227038
0.570841	-1.253742	1.561855	-0.351812
0.204417	-1.686023	-0.002845	-0.479026
-0.273625	-1.460886	0.034116	-0.608331
-0.697550	-1.322482	0.063685	-0.730666
0.106892	-1.315101	1.027146	-0.878094
0.213437	-1.689252	0.820162	-1.027963
-0.185120	-1.805050	0.019332	-1.207107
-0.477695	-1.445662	-0.572051	-1.258342
0.397213	-1.164702	1.115854	-1.283087
0.805353	-1.442894	0.953224	-1.246491
0.378609	-1.444278	0.610714	-1.209547
0.424272	-0.669217	1.719557	-1.078848
0.336330	-0.767483	1.140495	-0.958256
0.798024	-0.934029	1.643170	-0.773883
0.034735	-1.229752	-0.049663	-0.732060
-0.132129	-0.618007	1.470683	-0.725089
-0.349165	-0.645227	1.046859	-0.686751
-0.185120	-1.175774	-0.838174	-0.611816
-0.244875	-1.173006	0.741311	-0.543156
-0.879071	-1.285113	-0.835709	-0.564068
-0.925296	-0.862982	-0.416813	-0.643881
-0.107325	-0.912346	0.093254	-0.757154
0.134515	-0.987545	0.364305	-0.728226
-0.521666	-1.031373	0.322415	-0.762730
-0.953483	-0.747645	-0.239398	-0.643184
-0.243184	-0.533120	1.288340	-0.512137
0.140152	-0.670601	0.943367	-0.412457
-0.554926	-0.731960	-0.098945	-0.471010
-1.146278	-0.512359	-0.897312	-0.536185
-0.782109	-0.576025	-0.576979	-0.613908
-0.097178	-0.928954	-0.020094	-0.667233
-0.727427	-1.324328	-0.493200	-0.803857
-1.084268	-1.297570	-0.241863	-0.996943
-1.239857	-1.271273	-0.500593	-1.193166
-0.382989	-1.549926	-0.544946	-1.289709
-0.377915	-1.713704	-0.399565	-1.349657
-0.568456	-1.229290	0.145000	-1.436092
-0.629339	-0.743493	0.071077	-1.435047
-0.143968	-0.976012	-0.618869	-1.375448
0.007112	-0.988007	-0.530162	-1.225231
-0.643996	-0.791473	-0.453775	-1.331185
-0.822698	-0.419167	0.258349	-1.410301
-0.775344	-0.847758	-0.840638	-1.563306
-0.447818	-1.075662	-1.252141	-1.637543
-0.822134	-0.943717	-1.005732	-1.805187
-1.011547	-0.585252	-0.766715	-1.878727
-0.806913	-0.725962	-1.084583	-1.833766
-0.324361	-1.174852	-1.912519	-1.746285
-0.541397	-1.113954	-1.027909	-1.640332
-0.816497	-0.858368	-1.503479	-1.490463
-0.844683	-0.503132	-1.533048	-1.297726
-0.541397	-0.768867	-1.582330	-1.169815
-0.540833	-0.714890	-1.641469	-1.020992
-0.463602	0.019111	-0.278824	-1.008793
-0.642868	0.282540	-0.177796	-0.955120
-0.401592	-0.321362	-1.878022	-0.877049
-0.244311	-0.551573	-2.097326	-0.689887
-0.444435	-0.253544	-0.783963	-0.649109
-0.655270	-0.229093	-0.971235	-0.507954
-0.559436	-0.775788	-1.774530	-0.316959
-0.112399	-0.820077	-1.116616	-0.139906
-0.780418	-0.906810	-1.570010	-0.059046
-0.899929	-0.578332	-1.294031	0.049695
-0.919659	-0.493905	-1.641469	0.217687
-0.844683	-0.779478	-2.511294	0.416350
-1.055518	-0.588020	-1.436949	0.485359
-1.312579	-0.273382	-1.732640	0.495815
-1.391501	0.035720	-1.769601	0.578068
-1.282701	-0.578332	-3.179064	0.546352
-1.309760	-0.630925	-2.439835	0.543564
-1.230838	-0.230015	0.117895	0.396832
-1.107381	-0.253083	-0.333034	0.321201
-0.917968	-1.077969	-2.459548	0.312836
-0.662035	-1.438741	-1.890342	0.350129
-0.593824	-1.004615	-0.318249	0.336885
-0.660344	-0.606935	0.048901	0.361979
-0.662599	-0.795625	-0.806140	0.364419
-0.683457	-1.127794	-2.035724	0.357448
-0.955738	-0.717658	-1.010660	0.237902
-1.200396	-0.060240	-0.705112	0.141708
-1.401084	0.068014	-1.146185	0.025647
-1.113582	-0.279841	-2.282133	-0.064623
-1.261843	-0.114679	-1.870629	-0.193928
-1.220691	0.246093	-0.673079	-0.401652
-1.327235	0.249323	-0.406957	-0.421170
-1.093852	-0.261848	-2.203282	-0.396424
-1.054954	-0.442235	-2.447227	-0.330900
-1.388682	-0.239242	-1.254606	-0.408623
-1.556673	-0.063470	-1.515800	-0.476586
-1.193632	-0.230015	-1.449269	-0.500635
-1.155298	-0.463918	-1.878022	-0.548384
-1.522850	-0.252160	-1.794242	-0.726832
-1.657017	0.127528	-2.003690	-0.869729
-1.406158	0.168587	-1.730176	-0.990670
-0.932061	0.091543	-1.510872	-0.979865
-1.039734	0.232253	-0.682936	-1.054799
-1.028459	0.652539	0.029188	-1.160404
-1.069611	0.622552	-0.860350	-1.123111
-0.502499	0.282078	-1.121544	-0.987184
-0.573529	0.046792	-0.744538	-0.962090
-0.717844	0.028338	-0.377388	-1.003565
-0.661471	0.046792	-0.404493	-0.907371
-0.429215	-0.594479	-1.333457	-0.864153
-0.301248	-0.551112	-0.678007	-0.821284
-0.428087	-0.219866	-0.049663	-0.824072
-0.558309	0.215645	0.088326	-0.680477
-0.369459	0.261779	-0.355211	-0.553612
-0.449509	-0.012260	-1.313744	-0.403395
-0.653015	0.435707	0.462869	-0.268862
-0.800712	0.719896	0.613178	-0.224947
-0.792820	0.722664	0.682173	-0.214143
-0.453455	0.586567	0.369233	-0.034998
-0.659780	0.548275	-0.079232	0.048301
-0.709388	0.816317	0.243564	0.060500
-0.672182	0.761417	0.295310	0.101278
0.035298	0.586105	0.926118	0.159483
-0.186247	0.299610	-0.288680	0.183531
-0.334508	0.271929	0.016867	0.199215
-0.508700	0.438475	-0.116194	0.305866
-0.068992	0.271006	-0.029950	0.332005
0.255153	0.349896	0.457940	0.327823
-0.286027	0.402028	-0.751930	0.273452
-0.380734	0.850918	-0.352747	0.348735
-0.120291	1.094970	0.063685	0.389165
0.140152	1.011005	0.650140	0.429943
-0.293356	1.013312	0.039044	0.349083
-0.428087	1.251366	-0.599156	0.304472
-0.279263	1.264745	-0.320714	0.257768
0.107456	0.911815	-0.628725	0.319110
0.009930	0.727277	-0.860350	0.274846
-0.278699	0.608250	-2.045580	0.165756
-0.009236	0.869372	-0.771643	0.113825
0.626087	0.603636	-0.882527	0.090473
0.593390	0.390495	-1.042693	0.231280
0.319418	0.650694	0.189354	0.387422
-0.153551	0.721280	-1.069798	0.591661
0.791823	1.235680	1.763911	0.733862
0.932192	1.137414	2.261658	0.875714
-0.058844	0.455544	-0.451311	0.824480
-0.247694	0.551043	-1.483766	0.711207
0.283903	0.969022	0.014403	0.559945
1.163321	1.312725	3.328611	0.518121
0.444566	0.647464	0.117895	0.363373
0.043754	0.560270	-2.067757	0.309699
0.486282	1.005930	0.145000	0.310397
0.729249	0.584721	-0.182724	0.212111
0.658219	0.657153	-0.214758	0.136131
0.408487	0.843998	-0.387244	0.079669
0.345913	1.076516	-0.296073	-0.069154
0.788441	1.036379	-0.601620	-0.190443
0.548292	0.814471	-1.703071	-0.173016
0.385374	1.148486	-0.305929	-0.231569
-0.096051	1.195082	-0.591764	-0.311383
0.530253	1.424371	0.482581	-0.365754
0.820573	1.513410	0.943367	-0.217279
0.079269	1.220917	-0.264039	-0.290122
-0.054335	1.443747	-0.241863	-0.382135
0.252334	1.607525	-0.032414	-0.491573
1.028589	1.714557	1.510109	-0.453235
0.631724	1.398997	0.369233	-0.436157
0.247824	1.312725	-0.631190	-0.458811
0.323364	1.593223	-0.626261	-0.422564
0.870181	1.617213	-0.340426	-0.369936
0.883711	1.666577	-0.012702	-0.327415
0.481772	1.846963	-0.909632	-0.354252
0.100691	1.982599	-1.089511	-0.339265
0.577042	1.918011	0.172105	-0.312777
0.527998	1.602911	-0.000381	-0.227038
0.042063	1.480655	-0.010238	-0.224250
-0.205414	1.676265	0.369233	-0.137117
-0.224581	1.486191	-0.818461	-0.081004
0.053901	1.506952	-0.076768	0.064682
-0.133257	1.454819	-0.389708	0.084200
-0.297866	1.593685	-1.104296	0.133343
-0.247694	1.608448	-0.754394	0.237205
0.204981	1.463124	-0.387244	0.364767
0.184687	1.419757	0.194282	0.413213
0.020641	1.452513	0.300238	0.378709
-0.041369	1.635667	-0.392172	0.364070
0.383119	1.503261	-0.118658	0.416698
0.509958	1.342712	0.563896	0.519167
0.307016	1.474196	0.558968	0.554368
0.055029	1.535555	-0.089089	0.597238
0.451894	1.160942	-0.596692	0.646380
0.701063	1.202002	0.522007	0.790324
0.216255	1.169246	0.117895	0.833890
0.087161	1.413760	0.485045	0.841558
0.101818	1.139720	-1.072263	0.731771
0.201598	0.900743	-2.121967	0.761396
0.406796	1.318261	-0.692792	0.870137
0.253462	1.665193	-0.921953	0.907779
0.270937	1.829432	-1.067334	0.983758
0.643562	1.447438	-1.767137	1.214834
0.756872	1.536016	-0.525234	1.243763
0.578170	1.736240	0.470261	1.162903
0.327310	1.819744	0.031652	1.159070
0.514468	1.285506	-0.771643	1.115852
0.670058	1.096354	0.317487	0.995260
0.533071	1.194159	0.364305	0.865606
0.175667	1.359321	-0.424206	0.823086
0.393266	1.424371	0.223851	0.783005
0.540964	1.084820	-0.436526	0.817509
0.491355	1.171553	-0.392172	0.778822
-0.038550	1.161404	-1.013124	0.736998
0.496993	1.665193	0.724063	0.601420
0.975599	1.712250	0.554040	0.587479
0.750671	1.447899	-0.301001	0.559248
0.662165	1.730704	0.016867	0.497906
0.644126	1.851577	-0.049663	0.392998
1.440112	1.827126	1.601280	0.356403
1.177414	1.237987	0.117895	0.178652
0.808171	1.148024	0.418515	-0.062183
0.559567	1.271204	0.586073	-0.284546
0.830157	1.000855	0.443156	-0.537928
0.982364	0.890132	0.583609	-0.660611
0.645817	0.727738	-0.690328	-0.873215
0.473316	0.996242	0.112967	-1.023432
0.684151	1.028536	0.339664	-1.161798
0.838613	1.011005	0.347056	-1.243006
0.405105	0.914122	-0.700184	-1.361855
0.268682	1.171553	-0.882527	-1.423197
0.636798	1.511565	-0.268968	-1.397405
0.765328	1.192314	-0.557267	-1.337110
0.769838	1.109271	-0.365067	-1.367083
0.688661	1.374084	-0.631190	-1.250325
0.595082	1.420218	-0.446382	-1.218260
0.735450	0.882751	-0.712505	-1.204319
0.715156	0.718050	-1.119080	-1.107776
0.692043	0.930269	-0.286216	-1.018901
0.443438	1.079745	-0.180260	-0.834876
0.362261	0.788175	-0.852958	-0.628546
0.372972	0.746192	-0.705112	-0.368542
0.268119	0.796018	-1.067334	-0.117251
-0.128747	1.135568	-0.973699	0.016236
-0.059408	1.367164	-0.919489	0.067819
0.023460	1.072825	-1.769601	0.180394
0.132823	1.175705	-1.974121	0.124281
-0.134384	1.279508	-2.050508	0.140662
-0.062227	1.371316	-1.375346	0.166802
0.476135	1.156329	-0.966307	0.318064
0.530253	0.975020	-0.833245	0.400318
0.565204	1.134645	-0.360139	0.484662
0.593390	1.213536	-0.305929	0.551929
0.958123	1.114346	-0.143299	0.580160
0.904005	0.855070	-1.037765	0.677051
0.705009	0.653923	-1.303887	0.744318
0.534763	0.853686	-0.889920	0.797643
0.361698	0.545045	-2.873516	0.934267
0.575915	0.528437	-1.912519	1.108881
0.984055	0.846766	0.233708	1.257704
0.828466	1.126803	0.019332	1.451487
0.591135	0.854609	-1.375346	1.400602
0.653709	0.315757	-2.343735	1.395025
1.184179	0.682065	-0.636118	1.379690
1.064104	0.962563	-0.074304	1.389449
0.721357	0.802476	-1.432020	1.359823
0.789004	0.403874	-2.745383	1.326016
1.158247	0.620245	-1.141257	1.183467
1.324547	0.921504	0.416051	1.031159
0.960942	0.981479	-0.199973	0.803219
0.739960	0.626704	-1.648861	0.653351
0.890476	0.633163	-1.412308	0.587479
1.021825	0.872601	-0.140835	0.445278
0.593390	0.924733	-0.673079	0.315625
0.699935	1.014234	-0.936737	0.180046
0.570841	0.837077	-1.567546	0.140662
0.497556	0.811703	-1.466518	0.093959
0.296305	1.136029	-1.018052	0.108249
0.432164	1.279047	-0.483344	0.065728
0.628342	1.100044	-0.714969	0.161225
0.818318	1.167401	-0.904704	0.258117
0.708955	1.277663	-0.638582	0.332703
0.866235	1.655505	0.066149	0.319458
1.459842	1.650891	0.416051	0.401712
1.462097	1.327027	-0.966307	0.398226
1.343714	1.017464	-1.313744	0.381148
1.227022	1.056678	-0.907168	0.359191
1.552858	1.232451	-0.204901	0.341067
1.443494	1.020693	-0.148227	0.386376
1.121605	0.685756	-0.857886	0.418093
0.841995	1.001317	-0.633654	0.418790
1.136262	1.439595	0.817698	0.398923
1.020133	1.164172	-0.350283	0.401015
1.255209	1.227837	-0.515377	0.247661
1.104129	1.390692	0.011939	0.104066
1.014496	1.449283	-0.350283	-0.136769
1.478445	1.367625	0.024260	-0.161863
1.425455	1.011927	-0.564659	-0.293608
1.448004	1.066828	0.243564	-0.350418
1.112021	0.957950	-0.606549	-0.343448
1.172904	0.653000	-1.905127	-0.375164
1.125551	0.497066	-2.516222	-0.380740
0.825083	0.221642	-1.451733	-0.315565
0.653709	0.497066	-0.742074	-0.307200
0.686406	0.709746	-0.953986	-0.346584
0.632288	0.586105	-0.813533	-0.318005
0.347604	0.551043	-2.025867	-0.388757
0.232604	1.088511	-1.153578	-0.456023
0.034735	0.900743	-2.195890	-0.492967
-0.006418	0.707901	-2.750311	-0.457417
0.707264	1.166017	-0.880063	-0.510742
0.831284	1.323797	-0.227078	-0.519804
0.874128	1.178935	-1.259534	-0.519456
0.761945	0.478150	-3.772911	-0.379695
1.227022	0.602252	-2.272277	-0.253527
1.478445	0.867065	-0.673079	-0.117600
1.257464	0.906279	-1.865701	-0.115508
1.401214	0.701442	-2.262420	-0.015828
1.254645	0.699596	-1.646397	0.020070
1.232096	1.124957	-0.278824	0.106506
