# Vib_X	Vib_Y	Vib_Z	Sound
0.729058	-0.059764	-0.182787	-1.432760
0.517206	-0.036569	-0.780460	-1.265606
0.214157	0.195581	-0.500815	-1.081702
0.015154	0.476320	0.009126	-0.917966
-0.144988	0.573299	1.050940	-0.723465
-0.365615	0.574698	0.812419	-0.508113
-0.749519	0.526509	-0.613221	-0.293444
-0.999605	0.594294	-0.838034	-0.095183
-1.055389	0.653081	-0.350026	0.077440
-1.089862	0.681875	0.305220	0.161188
-1.129662	0.736463	0.255871	0.243911
-1.115560	0.913824	0.867252	0.316037
-1.078266	1.016202	-0.155371	0.362526
-0.833508	1.293142	0.458751	0.264079
-0.543935	1.605074	1.972123	0.092481
-0.476242	1.769038	0.779520	-0.048353
-0.480003	1.706852	-1.199927	-0.196707
-0.314533	1.696054	-1.032688	-0.345402
0.019542	1.859019	0.834352	-0.457180
0.037092	1.784235	1.056423	-0.454104
0.074385	1.627469	0.000901	-0.388131
0.105724	1.440110	-1.188961	-0.318398
0.430084	1.492298	0.905634	-0.268832
0.490568	1.390921	1.763760	-0.202859
0.328545	1.313337	0.996108	-0.072964
0.194100	1.327534	-0.369217	0.101027
0.156494	1.452907	-0.410342	0.168025
0.199428	1.645465	1.467666	0.217248
-0.208607	1.645865	0.233938	0.201524
-0.333023	1.885413	1.549914	0.152985
-0.625730	1.975593	1.741827	0.064451
-1.123708	1.782435	-0.418566	-0.058608
-1.334620	1.730446	-0.064898	-0.153978
-1.166016	1.788234	2.320308	-0.155003
-1.323964	1.544087	1.626679	-0.123897
-1.503537	1.266747	0.327153	-0.168335
-1.406073	1.129777	1.163346	-0.148509
-1.372227	0.897628	-0.410342	-0.128341
-1.148152	0.820645	0.406660	-0.168335
-1.033451	0.721066	0.669855	-0.195339
-0.996158	0.604092	-0.465174	-0.186452
-0.937240	0.593494	-0.396634	-0.266098
-0.747639	0.617089	0.146207	-0.349846
-0.592197	0.657280	0.480684	-0.543663
-0.593137	0.601692	1.275752	-0.695777
-0.470915	0.574698	0.946759	-0.748077
-0.180402	0.541106	0.362794	-0.741240
0.064983	0.569499	1.750052	-0.671507
0.034898	0.426331	0.954983	-0.627069
0.106978	0.317554	0.883701	-0.590494
0.287804	0.169187	0.181848	-0.596988
0.378374	0.007222	-0.158113	-0.666380
0.481166	0.129595	0.782261	-0.755597
0.264300	0.257367	0.741137	-0.815759
0.167462	0.424931	0.768553	-0.816784
0.038972	0.526909	0.143465	-0.819519
-0.226470	0.680475	-0.034740	-0.913864
-0.622283	0.884431	-0.267778	-0.877630
-0.871428	1.159571	0.072183	-0.844814
-0.851371	1.365526	0.867252	-0.788071
-0.953850	1.453107	0.233938	-0.713210
-0.997725	1.521892	-0.100539	-0.609636
-0.971086	1.649664	0.025575	-0.507087
-0.782112	1.665061	-0.237620	-0.346428
-0.678379	1.631668	0.266838	-0.165600
-0.722568	1.587678	-0.788685	-0.076383
-0.792454	1.593876	-0.783201	0.027191
-0.823793	1.589677	-0.503557	0.098292
-0.758294	1.504296	-1.230085	0.142388
-0.611000	1.590877	-0.040223	0.207677
-0.757041	1.610273	-0.015549	0.260661
-0.819092	1.769438	0.456009	0.253482
-0.628550	1.898810	1.242853	0.336205
-0.519490	1.792233	0.554707	0.386454
-0.577781	1.652264	0.324412	0.432943
-0.583109	1.693655	0.502617	0.428157
-0.619462	1.637467	0.609540	0.420295
-0.640773	1.534689	0.634214	0.364919
-0.661456	1.455306	0.061216	0.305098
-0.882397	1.245152	-0.218428	0.205968
-0.855759	1.166169	0.902893	0.049752
-1.004306	1.050795	1.111255	-0.156371
-1.330859	0.824244	-0.229395	-0.351213
-1.530802	0.746661	-0.563872	-0.422314
-1.561828	0.687474	-0.347284	-0.530332
-1.572483	0.697871	0.817903	-0.628437
-1.816928	0.628487	0.398435	-0.684497
-2.053225	0.493116	-0.536456	-0.561438
-2.025646	0.474320	0.264096	-0.424365
-2.074849	0.294959	0.061216	-0.343351
-2.037868	0.266765	0.732912	-0.358734
-2.014678	0.130795	0.642439	-0.391549
-1.880860	0.027617	0.277804	-0.428808
-1.711315	-0.125349	0.105082	-0.503669
-1.602569	-0.184736	0.201039	-0.678002
-1.433965	-0.126149	0.461492	-0.804479
-1.434591	-0.254921	-0.010066	-0.815075
-1.084847	-0.279916	0.247646	-0.756964
-0.937240	-0.275717	-0.251328	-0.680053
-0.828180	-0.154543	0.645181	-0.629462
-0.651428	-0.158542	1.325101	-0.588443
-0.696243	-0.255321	-0.679020	-0.624335
-0.546442	-0.108553	-0.478882	-0.609636
-0.485017	0.020419	0.335378	-0.652707
-0.408550	0.090204	0.990624	-0.734745
-0.348066	0.216976	0.170881	-0.900874
-0.679006	0.206179	-3.009394	-1.031111
-0.508835	0.449925	-1.098487	-1.138104
-0.274105	0.602692	1.015299	-1.186985
-0.387866	0.531908	-0.136180	-1.142206
-0.584989	0.409134	-2.085469	-1.046494
-0.721001	0.458524	-2.414463	-1.011285
-0.620716	0.665279	-0.158113	-0.975051
-0.731029	0.690673	-0.281486	-0.905660
-0.837582	0.735263	-0.898349	-0.810632
-0.983622	0.848239	-1.265726	-0.711843
-0.937867	1.059393	-0.265036	-0.658176
-1.089235	1.179766	0.944017	-0.545714
-1.347782	1.208560	-0.289710	-0.442482
-1.400118	1.133577	-0.947698	-0.318740
-1.302341	1.165570	-0.314385	-0.297204
-1.257212	1.243153	1.629421	-0.296179
-1.432711	1.092985	0.379244	-0.289684
-1.355617	0.901027	-0.829809	-0.166626
-1.322084	0.686074	0.187331	-0.167651
-1.472825	0.427130	-0.511781	-0.166967
-1.374420	0.368343	0.316187	-0.129366
-1.305788	0.138793	-0.807876	-0.171753
-1.280717	-0.097155	-1.413773	-0.176880
-1.173850	-0.213530	-0.018290	-0.178590
-1.139691	-0.228327	0.231197	-0.058266
-1.058522	-0.197733	0.209264	0.066160
-1.014648	-0.330904	-0.522748	0.132475
-0.926898	-0.270118	0.277804	0.208361
-1.029377	-0.244523	0.683563	0.275701
-1.216471	-0.347101	-0.673537	0.215881
-1.398551	-0.623241	-1.866140	0.175203
-1.281343	-0.771209	-1.109454	0.095215
-1.347155	-0.916177	-0.303419	0.067185
-1.487241	-1.090939	-0.454207	0.010442
-1.457155	-1.220911	-0.273261	-0.083561
-1.588153	-1.359481	0.014609	-0.172437
-1.488808	-1.350882	0.697271	-0.257894
-1.574677	-1.384275	-0.130697	-0.305066
-1.648637	-1.317490	-0.180046	-0.249006
-1.651771	-1.178720	0.277804	-0.118428
-1.679976	-1.024553	-0.308902	-0.040833
-1.572797	-0.762411	0.258613	0.057272
-1.607583	-0.654634	-0.435016	0.152985
-1.538010	-0.568453	-0.086831	0.197080
-1.374420	-0.450478	0.063958	0.153326
-1.384135	-0.424684	-1.062846	0.174520
-1.226813	-0.400089	-0.276002	0.229554
-1.193907	-0.514265	-0.629671	0.327317
-0.968579	-0.436481	0.198297	0.327659
-0.784306	-0.466675	0.184589	0.300997
-0.589690	-0.409687	0.461492	0.319455
-0.491285	-0.340902	0.560191	0.356373
-0.579975	-0.289713	-0.766752	0.374832
-0.221769	0.043614	1.788435	0.423371
-0.206100	0.174985	1.654096	0.540277
-0.263763	0.287961	0.982400	0.603857
-0.369063	0.328352	1.138672	0.537200
-0.270031	0.449526	1.517015	0.381326
-0.192310	0.411934	1.741827	0.284247
-0.357154	0.223375	0.434076	0.279803
-0.432681	0.176185	1.018041	0.259293
-0.656442	0.040615	0.919342	0.159479
-0.727268	-0.112952	0.891926	0.180673
-0.773650	-0.265319	1.196246	0.240835
-0.882083	-0.282715	1.615713	0.259293
-1.026557	-0.247723	1.305910	0.178622
-1.069491	-0.295512	0.258613	0.151275
-0.970460	-0.278916	-0.193754	0.167000
-0.830374	-0.115951	1.146896	0.220325
-0.737924	-0.003376	1.928257	0.251089
-0.768323	-0.124949	1.270269	0.289032
-0.762682	-0.230326	0.392952	0.365944
-0.689348	-0.253121	0.425851	0.455845
-0.539861	-0.280515	2.416265	0.542328
-0.567439	-0.623641	0.494392	0.590868
-0.427980	-0.878985	0.376502	0.736487
-0.354020	-1.000959	0.313445	0.832882
-0.505701	-1.275699	-1.767442	0.855443
-0.255929	-1.337085	-0.081348	0.805194
-0.155330	-1.464458	-0.530973	0.771695
-0.074789	-1.369478	0.201039	0.722472
-0.268464	-1.395073	-0.388409	0.646586
-0.253735	-1.396073	-0.816101	0.512931
-0.045330	-1.204114	0.911117	0.465416
-0.275986	-1.114134	-0.942215	0.507803
-0.115216	-0.798003	1.549914	0.602490
-0.163792	-0.842993	1.876166	0.645902
-0.445217	-1.031552	-1.803083	0.602832
-0.437069	-1.031152	-1.718093	0.554292
-0.392254	-0.959568	0.357311	0.547113
-0.264704	-0.891182	2.128395	0.545746
-0.478750	-1.115734	-0.566614	0.460289
-0.620402	-1.175720	-1.293142	0.367653
-0.382225	-1.026153	1.231887	0.227845
-0.496926	-0.978763	0.442301	0.136235
-0.438949	-0.787205	0.436818	-0.016904
-0.189490	-0.555256	1.314135	-0.106122
-0.122738	-0.401089	0.965950	-0.064761
-0.178835	-0.291313	0.823386	0.082226
-0.136527	-0.195534	0.242163	0.173152
0.028630	-0.134947	0.609540	0.252115
0.209770	-0.097355	1.122222	0.338940
0.153986	-0.280116	0.069441	0.383719
0.106664	-0.389292	-0.221170	0.359449
0.324158	-0.339703	1.031749	0.291425
0.451394	-0.402489	1.591038	0.338598
0.439799	-0.491070	0.913859	0.424055
0.344528	-0.635238	0.275062	0.492079
0.439799	-0.542658	1.081098	0.497206
0.445440	-0.470674	2.065338	0.523185
0.361138	-0.511865	1.338810	0.438070
0.223873	-0.512665	0.702755	0.295185
0.124841	-0.503267	1.185279	0.130424
-0.024960	-0.465875	1.552656	-0.011777
-0.217382	-0.465075	1.292202	-0.091765
-0.390060	-0.630239	0.494392	-0.148509
-0.507895	-0.659233	0.461492	-0.266782
-0.622909	-0.576851	0.760329	-0.366596
-0.821912	-0.593247	0.562932	-0.405564
-0.866101	-0.560654	1.728119	-0.411033
-0.822539	-0.546058	1.782951	-0.484527
-0.770203	-0.302311	1.292202	-0.563831
-0.773650	-0.041368	1.042715	-0.564173
-0.668038	0.151191	0.425851	-0.532383
-0.260316	0.467522	1.390900	-0.434278
0.171536	0.798450	1.448474	-0.427099
0.418175	1.020801	0.806936	-0.421630
0.853788	1.069790	0.809678	-0.416503
1.181595	0.990808	0.242163	-0.384713
1.552336	0.911625	0.949500	-0.332413
1.854758	0.744061	1.747310	-0.195339
1.991083	0.388939	1.023524	-0.076041
2.142764	-0.112752	0.702755	0.032661
2.182878	-0.626040	0.362794	0.110940
2.202308	-1.043749	1.294944	0.153668
2.077579	-1.434264	1.240111	0.233314
2.027750	-1.793986	0.732912	0.339965
1.863533	-2.198098	1.475890	0.385428
1.501253	-2.541423	1.177054	0.319797
1.239259	-2.733581	1.506048	0.308859
0.903930	-2.925339	1.739086	0.270916
0.528488	-3.146091	1.678770	0.164607
0.140197	-3.259866	1.865200	0.027533
-0.338351	-3.381840	0.982400	-0.007333
-0.610687	-3.500414	0.573899	0.021380
-0.964192	-3.644583	1.116739	0.008391
-1.280717	-3.720366	1.676028	-0.066812
-1.573737	-3.564600	1.936482	-0.019297
-1.872712	-3.426030	1.015299	0.060007
-1.928809	-3.253468	0.768553	0.113674
-1.805019	-2.869951	1.160605	0.134868
-1.596301	-2.284479	1.558139	0.099659
-1.380061	-1.672012	1.736344	0.004289
-1.035645	-1.161324	1.316877	-0.035705
-0.494106	-0.646036	1.108514	-0.031261
-0.032481	-0.151544	0.505358	-0.079117
0.316950	0.270564	-0.418566	-0.066812
0.798318	0.560301	-0.319868	-0.094500
1.253361	0.672877	0.587607	-0.164233
1.680826	0.903227	0.965950	-0.360443
1.837522	1.035598	0.072183	-0.489996
2.050314	1.101583	-0.393892	-0.559729
2.302593	1.164370	-0.010066	-0.545372
2.346781	1.156172	-0.262294	-0.481108
2.226753	1.319736	0.299737	-0.398044
1.910542	1.458906	0.491650	-0.268832
1.638205	1.539288	0.842577	-0.191921
1.331396	1.564283	0.376502	-0.263363
0.932762	1.729847	0.469717	-0.382320
0.532562	1.820027	1.689736	-0.389840
0.029570	1.660462	0.214747	-0.354290
-0.313906	1.530090	-0.007324	-0.310536
-0.649548	1.357128	0.409402	-0.426757
-1.059149	1.153972	0.102341	-0.567249
-1.337127	0.763457	0.009126	-0.630146
-1.665874	0.239971	-0.572097	-0.661936
-1.729179	-0.059964	0.154431	-0.711159
-1.841373	-0.358498	1.138672	-0.752862
-1.952313	-0.816599	0.324412	-0.803453
-1.792170	-1.171521	-0.421308	-0.825330
-1.561828	-1.409670	0.381986	-0.936425
-1.377241	-1.603027	1.026265	-1.108706
-1.056642	-1.820180	0.590348	-1.217066
-0.563365	-2.065327	0.848060	-1.256718
0.012961	-2.193699	1.220920	-1.263555
0.475212	-2.304675	1.138672	-1.216383
1.087264	-2.417850	1.333326	-1.049912
1.724388	-2.641601	0.033800	-0.890961
2.215158	-2.944335	-0.149888	-0.801744
2.747295	-3.010921	1.604746	-0.788071
2.960401	-3.158689	1.349776	-0.757306
3.141541	-3.412433	-0.169079	-0.666380
3.197011	-3.598393	-0.884641	-0.568958
3.131825	-3.642783	-0.440499	-0.598697
2.904304	-3.501814	0.118790	-0.609636
2.642622	-3.401836	-0.062156	-0.552209
2.320457	-3.371042	-0.270519	-0.412401
2.023989	-3.209278	0.412143	-0.322158
1.704957	-2.825761	1.541689	-0.265414
1.399715	-2.501032	1.821334	-0.176880
1.028033	-2.469839	-0.443241	-0.051429
0.722164	-2.299676	-0.931249	0.074364
0.754443	-1.751195	2.243543	0.210754
0.539144	-1.469456	1.676028	0.424055
0.515639	-1.253104	1.818592	0.579929
0.484300	-1.032152	2.397074	0.718028
0.251451	-0.899781	0.982400	0.836984
0.185325	-0.639637	1.034490	0.893728
0.395611	-0.375895	1.421058	0.829806
0.711195	-0.129148	2.690427	0.705038
0.841879	0.034816	1.810368	0.543011
0.950312	0.249569	0.859027	0.520109
1.265270	0.423931	0.765812	0.494472
1.623789	0.512112	0.650664	0.451401
1.885784	0.549304	1.541689	0.303731
2.126468	0.708269	2.246285	0.144097
2.216411	0.712068	1.538948	0.053512
2.302593	0.592094	1.799401	-0.155345
2.397551	0.517111	1.980348	-0.474955
2.183505	0.437528	0.933050	-0.835585
2.014901	0.462523	0.916601	-1.043417
1.653875	0.171386	-0.350026	-1.149042
1.377464	-0.009574	0.316187	-1.247831
1.151509	0.041214	1.294944	-1.424556
0.557634	-0.003976	0.573899	-1.504203
0.134243	-0.160942	-0.520006	-1.558895
-0.287268	-0.321507	-0.533714	-1.568808
-0.577154	-0.387492	0.746620	-1.614955
-1.091742	-0.537659	0.401177	-1.651189
-1.422996	-0.695225	-0.100539	-1.630337
-1.443993	-0.918377	0.099599	-1.604358
-1.487868	-1.123732	1.064648	-1.701438
-1.681543	-1.330487	0.190072	-1.882949
-1.700033	-1.581432	-0.163596	-2.081894
-1.341201	-1.760393	0.453268	-2.244604
-0.978294	-1.934755	0.124274	-2.224436
-0.602852	-1.971747	0.228455	-2.180340
-0.307952	-2.086322	-0.385667	-2.025492
0.359571	-2.104318	1.100289	-1.863807
0.901423	-2.039932	0.856285	-1.651531
1.270598	-2.103718	-0.163596	-1.433102
1.634131	-2.006140	0.414885	-1.193138
1.936553	-1.985744	-0.018290	-0.995561
2.386895	-1.939954	0.790486	-0.920017
2.546725	-1.914360	0.488909	-0.957618
2.496269	-1.856772	0.376502	-0.907369
2.505671	-1.781788	0.190072	-0.776107
2.399745	-1.825179	-0.141663	-0.626727
2.265613	-1.794986	0.261354	-0.501960
2.002365	-1.576633	0.573899	-0.429150
1.722821	-1.321689	1.166088	-0.250374
1.300370	-1.249304	-0.081348	-0.121504
1.023646	-0.996959	-0.799651	-0.058949
0.713702	-0.592847	-0.728369	-0.130734
0.276836	-0.203132	-0.267778	-0.222686
0.084727	0.022818	-0.456949	-0.292761
-0.123051	0.261766	-0.119730	-0.362835
-0.281940	0.548304	0.856285	-0.504011
-0.681827	0.639884	-1.032688	-0.574769
-0.726642	0.750660	-0.972373	-0.563147
-0.570886	0.840240	0.121532	-0.510164
-0.488778	0.878632	0.000901	-0.459231
-0.568379	0.919823	-0.273261	-0.479057
-0.478750	0.968812	-0.476140	-0.524521
-0.092966	0.968413	-0.322610	-0.558703
0.266807	0.954815	0.143465	-0.669114
0.537263	1.045196	0.466976	-0.855411
0.704301	1.038197	-0.336318	-0.920359
1.120484	0.992607	-0.635154	-0.979495
1.449857	0.942218	-1.358941	-1.020856
1.789259	1.059593	0.376502	-1.104604
2.044046	1.150773	1.780210	-1.110416
2.133989	0.944018	0.976916	-1.057774
2.149659	0.785052	0.817903	-0.949756
1.980428	0.498915	0.280546	-0.873528
1.632877	0.274764	0.469717	-0.878997
1.434501	0.046413	0.869993	-0.883099
1.362735	-0.209931	1.835042	-0.997270
1.068461	-0.461076	1.157863	-1.198949
0.728118	-0.585249	0.996108	-1.372598
0.521280	-0.616242	1.092064	-1.506937
0.364898	-0.727418	0.661630	-1.658026
0.345782	-0.665832	0.982400	-1.810140
0.147719	-0.596447	1.149638	-1.951315
0.002305	-0.542658	1.585555	-2.011477
-0.079490	-0.637838	0.573899	-2.067195
-0.155017	-0.693825	0.477942	-2.078134
-0.089205	-0.715421	0.502617	-2.064119
-0.084817	-0.814799	0.634214	-2.037114
0.154927	-0.915777	1.053681	-1.974559
0.298460	-0.962967	1.089323	-1.839537
0.479913	-1.045549	1.105772	-1.720922
0.570169	-1.143327	0.063958	-1.613588
0.706181	-1.182919	0.159915	-1.411225
1.090398	-1.054947	0.716463	-1.253642
1.305384	-0.909978	0.316187	-1.165108
1.390000	-0.795203	0.066700	-1.104946
1.539173	-0.497868	0.217489	-1.081360
1.656695	-0.344901	-0.023774	-1.005132
1.786752	-0.168540	-0.594030	-0.899165
1.730342	0.101201	0.450526	-0.903951
1.549829	0.352147	0.850802	-0.924461
1.381538	0.462123	-0.522748	-0.892329
1.123931	0.519110	-0.939474	-0.830458
1.049971	0.714068	-0.396634	-0.822254
0.740340	0.870634	0.346345	-0.859513
0.352049	0.952216	0.247646	-0.867717
0.111679	1.135976	0.220230	-0.885834
-0.178521	1.292142	0.606798	-0.920700
-0.622909	1.509495	0.521808	-0.837978
-1.009320	1.716250	0.310703	-0.717654
-1.201742	1.934402	0.905634	-0.593570
-1.371600	2.155354	0.697271	-0.467777
-1.556814	2.327517	0.779520	-0.389156
-1.618238	2.477284	0.738396	-0.291735
-1.702227	2.395902	-1.161544	-0.176197
-1.540517	2.417497	-0.015549	-0.090740
-1.423309	2.306921	0.658889	-0.105438
-1.433338	2.180349	-0.163596	-0.168677
-1.216785	2.104765	0.905634	-0.193972
-1.087041	1.962396	1.234628	-0.152952
-1.031258	1.763639	0.499875	-0.139621
-1.009634	1.598275	0.033800	-0.145432
-0.803109	1.523092	0.403918	-0.237726
-0.731029	1.304939	0.096857	-0.366937
-0.497553	1.130377	-0.073123	-0.493756
-0.288208	1.123979	0.582124	-0.651339
-0.182282	1.000206	0.625989	-0.799693
-0.187610	0.667478	-0.374701	-0.865666
-0.187296	0.460923	-0.544681	-0.881732
-0.025587	0.418732	0.905634	-0.964455
-0.098607	0.239171	1.138672	-0.984622
-0.281627	-0.101354	0.527291	-0.993510
-0.600032	-0.377094	-0.517265	-1.042050
-0.704077	-0.554056	0.190072	-1.071789
-0.805303	-0.599246	1.393642	-1.068712
-1.118067	-0.829396	-0.116989	-1.048886
-1.460289	-1.078542	-1.224602	-1.004790
-1.616358	-1.080341	-0.816101	-0.984622
-1.671201	-0.883184	0.587607	-0.923777
-1.871145	-0.855590	0.922084	-0.845498
-2.002769	-0.943571	0.209264	-0.815417
-1.920974	-0.820198	0.283287	-0.772347
-1.844820	-0.592847	1.163346	-0.777816
-1.775247	-0.497868	1.149638	-0.782602
-1.675275	-0.521663	0.222972	-0.769954
-1.392284	-0.440881	-0.229395	-0.747051
-1.044106	-0.336703	0.233938	-0.697144
-0.742625	-0.175338	1.311393	-0.645186
-0.675246	-0.224528	0.582124	-0.546398
-0.571513	-0.233926	-0.445983	-0.397018
-0.101427	-0.058564	0.296995	-0.235333
0.080340	0.176185	1.283977	-0.065444
0.023929	0.271364	0.801453	0.117776
-0.074162	0.308756	-0.810618	0.327317
0.210397	0.589695	0.436818	0.503017
0.310995	0.919423	2.161294	0.663677
0.069684	1.083187	1.259303	0.798358
0.034271	1.253550	1.643129	0.889284
-0.135273	1.356328	1.837784	0.941242
-0.360915	1.372924	1.190762	0.921758
-0.652681	1.433511	0.976916	0.830831
-0.814078	1.500497	1.941965	0.678034
-0.898380	1.575080	1.719894	0.566598
-1.213024	1.473103	0.102341	0.435677
-1.424876	1.482101	-0.229395	0.234340
-1.665874	1.463105	-0.435016	-0.026134
-1.796244	1.514094	1.209954	-0.293444
-1.905931	1.432911	0.480684	-0.511189
-2.245333	1.281144	-1.786633	-0.683471
-2.180148	1.367326	-0.276002	-0.737480
-1.915960	1.380723	1.094806	-0.803453
-1.768666	1.278145	-0.509040	-0.857120
-1.805646	1.095785	-1.230085	-0.846865
-1.634848	0.935020	-0.311643	-0.830116
-1.312369	0.807448	-0.728369	-0.753204
-1.045360	0.644483	-0.292452	-0.694410
-0.790573	0.469721	0.091374	-0.679711
-0.612567	0.354546	0.118790	-0.605876
-0.395701	0.136794	0.700013	-0.473930
-0.246840	-0.060563	0.689047	-0.402829
-0.081683	-0.235725	0.642439	-0.330020
-0.046897	-0.382093	1.319618	-0.237726
-0.142481	-0.517064	1.388159	-0.180299
-0.219889	-0.661632	0.590348	-0.056557
-0.290715	-0.833595	0.316187	0.028217
-0.418892	-0.864388	0.604056	-0.043567
-0.695616	-0.936173	1.056423	-0.192263
-0.990830	-1.075342	0.656147	-0.346770
-0.992084	-1.065944	0.897409	-0.405906
-1.058209	-1.068544	1.149638	-0.440431
-1.201742	-1.043749	1.275752	-0.475297
-1.336813	-1.042150	1.396384	-0.469828
-1.450574	-1.008557	0.848060	-0.419237
-1.462170	-0.971965	1.146896	-0.299939
-1.572483	-0.921176	1.204470	-0.222686
-1.739521	-0.850391	0.209264	-0.167993
-1.899663	-0.665432	-0.081348	-0.064761
-1.835732	-0.538859	-0.045707	0.016595
-1.616985	-0.419685	0.795970	-0.001522
-1.663367	-0.343102	0.636956	-0.047327
-1.717897	-0.194334	-0.377442	-0.011777
-1.467811	0.022818	0.324412	0.007024
-1.615104	-0.034169	-1.715351	-0.031603
-1.434591	0.235172	-1.290400	-0.126290
-1.035645	0.699471	1.278494	-0.256527
-0.990830	0.850038	0.601315	-0.275669
-0.961058	0.927022	-1.008014	-0.293102
-0.972653	1.052394	-1.644069	-0.286608
-0.743565	1.341331	0.173623	-0.231573
-0.788066	1.481501	-0.095056	-0.140305
-0.735730	1.555685	0.368277	-0.069888
-0.640459	1.690055	1.752794	-0.042883
-0.892112	1.662861	1.314135	-0.029210
-1.166956	1.705052	0.678080	-0.026818
-1.290432	1.610873	-0.445983	-0.043225
-1.245617	1.669860	0.826127	-0.178590
-1.510118	1.700253	0.634214	-0.273276
-1.735446	1.601675	-0.360993	-0.355315
-1.714763	1.565282	0.305220	-0.401462
-1.972683	1.471303	-0.473399	-0.445900
-2.195504	1.427513	-0.363734	-0.562464
-2.334336	1.346130	-0.827067	-0.718338
-2.334336	1.335732	-0.306160	-0.860539
-2.157897	1.339532	0.795970	-1.030769
-2.274479	1.189564	-0.048448	-1.170577
-2.350632	1.032598	-0.270519	-1.300131
-2.287954	0.882431	-1.320558	-1.402338
-1.815988	0.790251	0.445043	-1.423873
-1.505104	0.640084	1.898099	-1.489162
-1.746415	0.347948	-0.136180	-1.507279
-1.846387	0.171586	-0.942215	-1.437888
-1.507925	0.064009	0.264096	-1.317564
-1.096756	0.170586	3.027645	-1.243729
-1.249691	0.008822	2.059855	-1.103579
-1.405133	-0.182737	0.239421	-0.966847
-1.272882	-0.226527	0.272321	-0.787387
-1.087981	-0.214130	0.283287	-0.641768
-1.127468	-0.223128	0.225713	-0.528623
-1.235275	-0.297512	0.787745	-0.417870
-1.217098	-0.152343	1.037232	-0.306776
-1.092995	-0.109153	0.716463	-0.220635
-1.103964	-0.087557	1.580072	-0.256527
-1.493822	-0.186936	-0.478882	-0.266440
-1.504164	-0.025571	0.214747	-0.287291
-1.536757	-0.033969	-0.056673	-0.299255
-1.816928	-0.271717	-2.907954	-0.384371
-1.687498	-0.042567	-0.580322	-0.480425
-1.699407	0.265366	1.703445	-0.566566
-1.934763	0.205179	0.009126	-0.581948
-2.094906	0.100402	-2.562510	-0.602458
-2.071401	0.383340	-0.799651	-0.615789
-2.030034	0.740262	0.074924	-0.599039
-1.957327	0.975811	-0.862708	-0.533066
-1.707555	1.133377	-1.076554	-0.451369
-1.470945	1.260549	-0.448724	-0.451027
-1.307981	1.385122	-0.404858	-0.452736
-1.140004	1.555285	-0.506298	-0.459231
-0.823793	1.592077	-0.042965	-0.433936
-0.602539	1.587878	-0.204720	-0.437696
-0.398522	1.601475	0.702755	-0.456838
-0.352140	1.578480	0.601315	-0.489654
-0.239319	1.544487	0.913859	-0.469486
-0.181342	1.400318	0.310703	-0.403513
-0.192310	1.456706	0.420368	-0.321132
-0.201085	1.544487	0.233938	-0.260287
-0.111142	1.480301	-0.646121	-0.272251
0.185325	1.535489	0.508100	-0.359075
0.104157	1.531090	0.480684	-0.374458
0.073445	1.521492	0.321670	-0.337198
0.177804	1.402718	0.409402	-0.278062
0.399371	1.276745	0.946759	-0.247981
0.447320	1.046396	0.793228	-0.226446
0.443559	0.747661	0.839835	-0.142014
0.454842	0.539106	1.270269	-0.093816
0.529115	0.238372	1.684253	-0.080143
0.576437	-0.022772	2.081788	-0.145090
0.427890	-0.294312	1.818592	-0.188503
0.358004	-0.407688	1.769243	-0.212773
0.316323	-0.566253	1.459441	-0.288317
0.377121	-0.673630	1.824076	-0.401462
0.296266	-0.724219	1.602005	-0.524521
0.295012	-0.767609	1.267528	-0.617840
0.342961	-0.773008	1.029007	-0.639717
0.328858	-0.893582	0.554707	-0.656467
0.260539	-0.958568	0.628731	-0.609636
0.161508	-0.962167	0.543741	-0.513240
0.110112	-1.027553	0.423110	-0.314979
0.067177	-1.107135	-0.040223	-0.089030
-0.108948	-1.179120	-0.456949	0.077782
-0.130259	-1.076942	0.148948	0.242886
-0.140288	-0.969565	1.094806	0.378250
-0.183222	-0.947970	1.152380	0.461314
-0.326128	-0.823597	0.392952	0.492763
-0.536413	-0.630839	0.568415	0.543011
-0.585616	-0.284315	0.933050	0.553608
-0.741058	-0.144545	0.107824	0.549506
-0.808437	0.065809	0.801453	0.471569
-1.011200	0.323953	1.248336	0.395683
-1.040973	0.593694	0.661630	0.331077
-0.950403	0.670477	-0.377442	0.233998
-0.786813	0.624487	0.154431	0.115383
-0.744192	0.724466	0.650664	0.079491
-0.664590	0.757858	-0.961406	0.039839
-0.291342	0.838241	-0.358251	0.011467
-0.267838	0.663679	-1.241051	0.010784
-0.325188	0.706270	-1.600203	0.009758
-0.195444	1.005404	-0.056673	0.026508
-0.016185	1.172368	0.212005	0.005314
-0.010230	1.115381	-1.424740	-0.019297
-0.028407	1.079388	-1.556337	-0.014170
-0.022766	1.198362	-0.673537	0.041890
-0.042510	1.243353	-1.252018	0.007365
0.057775	1.130377	-1.177994	0.022748
-0.129319	0.864435	-1.964838	0.024115
-0.297610	0.770856	-1.164286	0.050436
-0.286954	0.763257	-0.692728	-0.027843
-0.258436	0.665079	0.283287	-0.270542
-0.362795	0.376341	-0.805134	-0.524521
-0.553650	0.244170	-1.408290	-0.675951
-0.423906	0.317354	0.823386	-0.742608
-0.460886	0.154190	0.176364	-0.819861
-0.581542	-0.095756	-0.648862	-0.917624
-0.668664	-0.287314	-1.235568	-0.975393
-0.506015	-0.324906	-0.185529	-0.945312
-0.523878	-0.501067	0.264096	-0.963087
-0.525758	-0.727018	0.091374	-0.989750
-0.526698	-1.023954	-1.145095	-1.073498
-0.299803	-1.140328	-0.037482	-1.137762
0.103530	-1.158124	2.070821	-1.182200
-0.084191	-1.616225	0.272321	-1.208179
-0.098293	-1.816181	0.159915	-1.283381
-0.057866	-1.888165	0.631473	-1.324742
0.307861	-1.727600	2.235318	-1.298080
0.296893	-1.684610	1.278494	-1.260137
0.139570	-1.784788	-0.585805	-1.308335
0.252391	-1.640419	0.381986	-1.336365
0.364585	-1.522245	0.132498	-1.258428
0.510938	-1.416868	0.554707	-1.185960
0.570169	-1.474056	0.593090	-1.162715
0.548545	-1.495051	0.129757	-1.172628
0.526608	-1.452060	0.176364	-1.148700
0.642876	-1.366679	0.551966	-1.110074
0.547605	-1.418268	0.387469	-1.021540
0.370539	-1.398472	-0.193754	-0.943261
0.218231	-1.216712	-0.095056	-0.840712
0.136437	-1.036951	-0.424050	-0.798667
0.059969	-0.823997	-0.267778	-0.769612
-0.019632	-0.533460	0.187331	-0.790464
-0.294789	-0.301711	-0.336318	-0.769954
-0.307638	-0.095556	-0.541939	-0.740215
-0.272225	0.082006	-0.503557	-0.723807
-0.294789	0.180384	0.286029	-0.689966
-0.441143	0.238571	0.335378	-0.633906
-0.438949	0.187982	-0.769493	-0.529990
-0.187610	0.100002	-0.426791	-0.465042
-0.228664	-0.118951	-1.375391	-0.454787
-0.212681	-0.205532	-0.884641	-0.373432
-0.218322	-0.208731	-0.733852	-0.246614
-0.122111	-0.182337	-1.068330	-0.209012
-0.061940	-0.078559	-0.352768	-0.190895
-0.213934	-0.028770	-1.364424	-0.244221
-0.173820	0.192581	-0.199237	-0.264047
-0.168493	0.344748	-0.717403	-0.354632
-0.153763	0.341949	-0.868192	-0.481450
0.090368	0.431529	0.826127	-0.590494
0.021735	0.220975	-0.180046	-0.643477
0.170283	-0.036969	-0.865450	-0.765852
0.251764	-0.316508	-1.040913	-0.933348
0.305668	-0.653434	-0.273261	-1.102553
0.347975	-0.876586	1.001591	-1.231423
0.160568	-1.129531	-0.429533	-1.285774
0.184072	-1.258103	-1.202669	-1.339099
0.157434	-1.326688	-0.626929	-1.352089
0.015154	-1.235907	-0.495332	-1.329528
-0.111142	-1.158924	-0.637896	-1.270733
-0.228977	-1.097937	-1.334266	-1.262529
-0.333650	-0.983762	-0.637896	-1.302523
-0.452111	-0.974764	-0.308902	-1.363027
-0.606300	-0.980963	-0.610480	-1.310727
-0.547069	-1.052947	-0.185529	-1.282697
-0.547382	-1.236307	0.181848	-1.252275
-0.518864	-1.413269	0.217489	-1.278254
-0.536727	-1.669013	-0.119730	-1.217066
-0.411684	-1.856972	-0.676278	-1.118961
-0.218949	-2.006340	-0.443241	-1.050596
-0.127439	-2.184301	-0.657087	-1.084437
-0.024020	-2.096920	-0.092314	-1.201342
0.190653	-1.885966	0.222972	-1.275519
0.334186	-1.780389	-0.912057	-1.419771
0.681736	-1.536242	0.439559	-1.528131
0.886067	-1.259702	0.905634	-1.584191
0.813361	-1.062345	0.209264	-1.548640
0.939030	-0.869787	-0.437758	-1.474463
0.960654	-0.818798	-0.141663	-1.340466
1.146808	-0.714221	1.267528	-1.267999
0.961281	-0.749013	-0.295194	-1.172628
0.832477	-0.719420	-0.887383	-1.097426
0.717776	-0.636438	-0.127955	-1.051963
0.519400	-0.662832	-1.221860	-1.049912
0.498403	-0.521263	-0.624188	-1.001372
0.465183	-0.287914	-0.637896	-0.917966
0.356123	-0.110353	-1.016239	-0.829774
0.318830	0.038215	-0.536456	-0.772688
0.168716	0.163388	-0.451466	-0.736796
0.069057	0.306357	0.469717	-0.669456
0.014527	0.384140	-0.086831	-0.670140
-0.134333	0.340749	0.025575	-0.706715
-0.075416	0.360145	0.963208	-0.725858
-0.058179	0.402136	0.900151	-0.602458
-0.093592	0.327152	0.080408	-0.510164
-0.100800	0.202179	0.502617	-0.432569
-0.040629	0.039015	0.154431	-0.435303
0.007633	-0.057564	-0.276002	-0.432910
0.300026	0.043614	1.355259	-0.472904
0.319143	-0.123950	0.631473	-0.552551
0.605896	-0.198333	0.823386	-0.627411
0.705868	-0.330904	0.913859	-0.655099
0.897663	-0.343302	0.859027	-0.659543
1.158717	-0.310509	0.689047	-0.645870
1.216381	-0.461676	0.390210	-0.681420
1.550456	-0.369696	1.563622	-0.726200
1.463020	-0.521863	-0.210204	-0.641084
1.445156	-0.667031	-1.186219	-0.574428
1.580228	-0.684228	0.568415	-0.498542
1.554216	-0.731217	1.253819	-0.412401
1.285014	-0.807001	0.634214	-0.286608
1.164358	-0.897581	-0.700953	-0.269516
1.171880	-0.940172	-0.484365	-0.320790
1.177207	-0.935773	0.900151	-0.421630
0.885754	-1.003958	0.368277	-0.442140
0.908318	-0.872986	0.327153	-0.449660
0.937463	-0.879385	0.242163	-0.497516
0.948119	-0.990361	-0.051190	-0.557336
0.950939	-0.928374	0.011867	-0.481108
1.007349	-0.787805	0.371019	-0.353606
1.170626	-0.739416	1.311393	-0.293786
1.188803	-0.792004	1.050940	-0.297204
1.156210	-0.709422	0.650664	-0.355657
0.977577	-0.688827	0.305220	-0.383687
1.137407	-0.546458	0.694530	-0.487603
0.964728	-0.579850	-0.399375	-0.622967
0.867264	-0.578451	-0.796910	-0.756964
0.937777	-0.427084	0.645181	-0.820886
1.111709	-0.293113	1.580072	-0.888569
1.129572	-0.344701	1.442991	-0.893012
1.115469	-0.486471	-0.391150	-0.929246
1.358347	-0.326705	0.113307	-0.999321
1.428860	-0.193334	-0.429533	-1.097426
1.474302	-0.204932	-0.895608	-1.167159
1.659202	-0.120750	0.530033	-1.282014
1.547635	0.005222	0.063958	-1.322691
1.330142	0.064609	-1.221860	-1.366787
1.247407	0.136794	-1.216377	-1.508646
1.182535	0.211777	-0.588547	-1.632388
1.080996	0.188782	-0.936732	-1.636490
0.869771	0.187982	-0.393892	-1.602649
0.716209	0.079006	-0.676278	-1.679903
0.662306	-0.017573	-0.048448	-1.693918
0.735326	0.005822	0.530033	-1.772880
0.563588	-0.088157	-0.031999	-1.797834
0.479286	-0.136547	-1.227343	-1.851843
0.436038	-0.284315	-1.515213	-1.856970
0.494015	-0.359298	0.085891	-1.842955
0.274642	-0.417286	-0.986081	-1.784502
0.336693	-0.273117	0.042025	-1.664862
0.375554	-0.378494	0.540999	-1.562314
0.458602	-0.514464	-0.300677	-1.591369
0.720597	-0.323706	-0.023774	-1.594104
0.768546	-0.149144	0.307962	-1.565048
0.976951	0.092403	0.634214	-1.561630
1.012050	0.143792	-1.164286	-1.542487
1.323874	0.494116	-0.004582	-1.547273
1.247093	0.748061	-0.994306	-1.444383
1.248974	0.919223	-1.948388	-1.424898
1.429173	1.248152	0.110565	-1.440281
1.442649	1.380523	-0.640637	-1.498733
1.461453	1.574481	-0.226653	-1.549324
1.272478	1.589477	-1.559079	-1.648796
1.204786	1.503696	-0.440499	-1.700071
1.172193	1.427113	0.466976	-1.814242
0.825583	1.117980	-0.744819	-1.862781
0.643816	1.041197	1.585555	-1.803987
0.342021	0.659680	0.453268	-1.774248
0.203189	0.193781	-0.265036	-1.780742
-0.032481	-0.192335	-0.563872	-1.735279
-0.333650	-0.591648	-0.509040	-1.674092
-0.356527	-0.871587	-0.106022	-1.701096
-0.509148	-1.339285	-0.344543	-1.680586
-0.584676	-1.640019	0.691788	-1.688107
-0.907155	-1.948152	-0.106022	-1.732886
-0.822539	-2.137311	0.954983	-1.807747
-0.954790	-2.463040	0.373761	-1.906193
-1.086414	-2.809565	-1.657777	-2.021732
-0.990830	-2.865752	-0.563872	-1.940718
-0.649548	-2.717185	1.198987	-1.839195
-0.482510	-2.797367	0.941275	-1.767069
-0.406983	-3.012120	-1.405548	-1.775273
0.071878	-2.916941	-0.859967	-1.793048
0.359571	-2.617806	0.897409	-1.914397
0.593047	-2.378258	-0.141663	-2.084286
1.058119	-2.010339	0.587607	-2.207345
1.444843	-1.606227	1.045457	-2.275369
1.603105	-1.251504	0.244905	-2.262038
1.885470	-0.742015	0.850802	-2.224094
1.912735	-0.461076	0.047508	-2.162223
2.040285	-0.012174	0.357311	-2.068562
1.856952	0.301958	-0.629671	-1.790997
1.666097	0.624687	-0.986081	-1.564364
1.505014	1.048195	-0.086831	-1.404389
1.310398	1.302540	-0.640637	-1.342859
1.029914	1.638467	0.351828	-1.318589
0.656665	1.989790	0.003642	-1.289192
0.365839	2.273728	-0.679020	-1.230739
0.084100	2.463087	-0.901091	-1.315513
-0.091712	2.657445	0.011867	-1.381144
-0.548322	2.729029	-0.385667	-1.365420
-0.872368	2.704234	-1.899039	-1.288167
-0.979235	2.856801	-0.791426	-1.190062
-1.099263	2.912389	0.003642	-1.116910
-1.307355	2.747825	-0.733852	-1.070422
-1.498837	2.513076	-2.762648	-1.085804
-1.371286	2.387903	-0.689986	-1.105630
-1.198608	2.184947	0.933050	-1.123405
-1.354363	1.825226	-0.300677	-1.103921
-1.091429	1.693455	0.700013	-1.195873
-0.888978	1.380723	0.031059	-1.332946
-0.791514	1.129177	-0.435016	-1.522320
-0.599405	0.941618	-0.668054	-1.566074
-0.318920	0.902227	0.157173	-1.679561
-0.019319	0.814646	0.560191	-1.820394
0.243930	0.481319	-0.972373	-1.915423
0.515013	0.259767	-0.201979	-1.936958
0.609030	0.049813	-0.062156	-1.989600
0.854101	-0.265519	-0.018290	-2.018655
0.968489	-0.706023	-0.514523	-2.037798
0.940597	-1.098337	-0.739336	-2.076766
0.722164	-1.447661	-0.037482	-1.970799
0.569856	-1.667013	-0.654345	-1.819369
0.444500	-1.894964	-0.925765	-1.618715
0.183759	-2.078124	-1.517955	-1.546589
-0.197325	-2.082723	-0.418566	-1.513432
-0.474675	-1.993342	-0.095056	-1.445408
-0.785873	-1.951751	-0.640637	-1.317564
-0.907781	-1.839576	0.442301	-1.197240
-1.089235	-1.708205	0.124274	-0.929246
-1.284164	-1.546640	-0.051190	-0.680395
-1.199548	-1.381876	-0.092314	-0.373432
-1.074505	-1.294695	-0.106022	-0.099627
-0.849804	-1.368479	-0.037482	0.114700
-0.743878	-1.344084	-0.887383	0.194688
-0.508522	-1.211313	-0.709178	0.182040
-0.100487	-1.112734	0.324412	0.245620
0.407206	-0.956168	0.264096	0.320139
0.597121	-0.765210	-0.596772	0.427473
0.719343	-0.415286	-1.024464	0.393290
0.882620	-0.100155	-0.810618	0.359791
1.098546	0.343949	-0.056673	0.324583
1.099486	0.766656	0.159915	0.323215
0.921167	1.123779	-0.931249	0.251773
0.993874	1.462305	-0.624188	0.199131
1.069401	1.695454	-0.001841	0.096925
0.975384	1.920405	-0.010066	0.015227
0.880740	2.105165	-0.772235	-0.035363
0.727491	2.087769	-2.033378	-0.138596
0.846267	2.184548	-0.237620	-0.274644
0.904871	2.128960	-0.029257	-0.255843
0.709315	2.127960	-0.026515	-0.243195
0.669514	2.290524	0.716463	-0.223711
0.269001	2.145756	-0.810618	-0.138937
0.007320	2.099166	-0.821584	-0.088347
-0.319547	2.198345	-0.169079	-0.077408
-0.603479	2.338314	-0.130697	-0.266782
-0.869234	2.265530	-0.166338	-0.418895
-1.132796	2.114563	-0.193754	-0.669114
-1.176357	1.963196	0.497133	-0.871477
-1.140944	1.882213	1.157863	-1.068029
-1.051941	1.560883	0.406660	-1.256718
-0.822853	1.073590	-0.810618	-1.422847
-0.305131	0.722866	-0.824326	-1.515825
0.177177	0.508113	0.442301	-1.574961
0.387776	0.227174	0.036542	-1.702122
0.670454	-0.146145	-0.237620	-1.854919
1.022392	-0.408688	-0.218428	-1.912346
1.321367	-0.417286	0.664372	-1.932856
1.542307	-0.379494	1.171571	-1.932173
1.615014	-0.430283	-0.177304	-1.839537
1.805242	-0.442880	0.105082	-1.665204
1.726895	-0.449679	0.488909	-1.415669
1.707464	-0.316308	0.628731	-1.205102
1.482763	-0.409087	0.077666	-0.948730
1.386239	-0.521663	0.483425	-0.719021
1.030227	-0.759811	-0.212945	-0.459915
0.860996	-0.665632	2.366916	-0.286266
0.716836	-0.665432	3.131827	-0.067153
0.245810	-0.948770	0.546483	0.070604
0.089115	-1.060946	0.502617	0.134526
-0.139034	-0.913778	0.220230	0.088037
-0.007410	-0.536860	2.161294	0.007707
-0.259376	-0.628640	-0.319868	-0.067837
-0.252795	-0.426084	-0.333576	-0.120137
-0.512282	-0.135947	-0.333576	-0.129366
-0.909035	0.023818	-2.430913	-0.192605
-0.646100	0.410534	-0.596772	-0.294128
-0.421712	0.619289	-0.106022	-0.457864
-0.538607	0.686274	-0.229395	-0.520077
-0.710032	0.824044	-1.696160	-0.617840
-0.508522	0.945218	-1.145095	-0.675951
-0.106441	1.108182	0.332636	-0.728934
0.053388	1.110981	-0.141663	-0.711843
-0.172567	0.970212	-1.531663	-0.719363
0.001992	1.110582	-1.613911	-0.692017
0.413474	1.326335	-1.282176	-0.747735
0.719343	1.445909	-0.149888	-0.781918
0.685811	1.549286	-0.396634	-0.713552
0.735326	1.759040	-1.276692	-0.596647
1.039315	1.967195	-0.201979	-0.482134
1.088204	1.907008	-0.550164	-0.383345
0.890768	1.990590	-0.547422	-0.360785
0.430710	1.913407	-2.677658	-0.415819
0.261166	1.906808	-2.005962	-0.397702
0.352676	2.011185	0.568415	-0.497516
-0.047837	1.787034	0.434076	-0.576479
-0.726642	1.520892	-2.343181	-0.718679
-1.050688	1.354728	-2.674917	-0.793540
-0.787126	1.428312	0.976916	-0.856778
-0.923451	1.058793	0.083149	-0.873870
-1.092369	0.874833	0.324412	-0.907711
-1.033765	0.735663	0.466976	-0.852676
-0.990517	0.408135	-0.350026	-0.736796
-0.759234	0.195581	0.324412	-0.640401
-0.671171	0.022019	1.237370	-0.600065
-0.554277	-0.192535	0.464234	-0.716287
-0.181342	-0.341902	0.362794	-0.873870
0.166522	-0.494269	1.089323	-0.999663
0.138317	-0.766610	0.187331	-1.110416
0.441052	-0.653034	2.860407	-1.268341
0.440426	-0.882584	1.928257	-1.401312
0.385896	-1.157324	-0.393892	-1.590685
0.348289	-1.230908	-0.443241	-1.667255
0.552306	-0.959368	2.630111	-1.758523
0.627520	-0.843593	3.600643	-1.781084
0.296266	-1.217911	-1.169769	-1.754763
0.474272	-1.205914	-0.555647	-1.626919
0.276836	-1.084940	-0.520006	-1.457714
0.172790	-1.025553	-0.933990	-1.238601
0.270881	-0.878585	-0.443241	-0.997954
0.279969	-0.840393	-1.260243	-0.814050
0.149599	-0.679229	-0.646121	-0.626044
-0.077609	-0.473273	-0.939474	-0.408299
-0.303251	-0.405088	-1.320558	-0.185084
-0.459319	-0.314308	-0.851742	-0.050746
-0.713166	-0.189935	-0.360993	0.078808
-1.082027	-0.007575	-0.717403	0.176571
-1.239035	0.080806	-0.248586	0.349878
-1.318950	0.040615	-0.807876	0.479089
-1.382255	0.097202	-0.404858	0.625734
-1.478466	0.258367	-0.144405	0.647611
-1.439292	0.257167	-1.830499	0.582322
-1.018095	0.313955	-1.652294	0.520451
-0.841656	0.155390	-2.644759	0.470544
-0.593764	0.286961	-0.744819	0.399785
-0.229291	0.463323	1.031749	0.384745
-0.040629	0.453525	0.384727	0.371755
0.259599	0.550104	0.296995	0.371413
0.193160	0.573299	-0.122472	0.397734
0.337320	0.846839	1.618454	0.352955
0.285610	0.843040	0.540999	0.308175
0.242363	0.743062	-0.736594	0.217932
0.165582	0.814446	-0.544681	0.114016
-0.197325	0.787852	-1.208152	-0.036389
-0.157837	0.726465	-0.720144	-0.094842
0.041166	0.595494	-0.774977	-0.167309
0.038032	0.422331	-0.462432	-0.122188
-0.202652	0.392538	-0.651604	-0.050404
-0.414504	0.201380	-1.570045	0.027875
-0.339291	0.048613	-0.805134	0.087695
-0.293536	-0.120150	-0.130697	0.134868
-0.698750	-0.270918	-1.051880	0.178964
-0.972653	-0.284914	-1.265726	0.263395
-1.087354	-0.389292	-1.668743	0.385428
-1.189520	-0.614043	-2.323990	0.453110
-1.328665	-0.704223	-0.999789	0.528313
-1.516073	-0.720220	-0.550164	0.530022
-1.602255	-0.902780	-1.161544	0.487977
-1.501030	-1.158124	-1.465864	0.378592
-1.504164	-1.472056	-0.986081	0.329026
-1.492255	-1.607426	-0.733852	0.334154
-1.365332	-1.791386	-1.164286	0.318088
-0.885531	-1.844175	0.058475	0.142388
-0.641399	-1.983145	0.063958	-0.021690
-0.803736	-2.079324	-1.093004	-0.130392
-0.621969	-1.986544	-0.895608	-0.178931
-0.265644	-1.860571	0.343603	-0.320790
0.059029	-1.863571	0.458751	-0.486919
-0.102681	-1.847774	-0.388409	-0.597330
-0.216441	-1.618824	-0.048448	-0.639375
-0.048464	-1.454460	-0.149888	-0.611687
0.124214	-1.423866	-0.341801	-0.537168
-0.104248	-1.411869	-0.607738	-0.298230
-0.606613	-1.270300	-1.084779	-0.018272
-0.856385	-1.181519	-0.517265	0.252799
-0.749833	-1.038150	0.930309	0.409356
-1.165702	-1.033351	-0.004582	0.580613
-1.831657	-0.928374	-1.901781	0.705722
-1.966416	-0.683028	-1.199927	0.787419
-1.815361	-0.551456	-0.533714	0.755971
-1.569036	-0.440481	-0.435016	0.747767
-1.750176	-0.225727	-0.695470	0.739563
-1.750489	-0.048366	-0.679020	0.764175
-1.391343	0.047213	-0.465174	0.777506
-1.141884	0.015620	-0.053931	0.661626
-1.206443	0.013620	-0.007324	0.519083
-1.393537	0.093603	-1.271209	0.431233
-1.190147	0.182784	-0.530973	0.344409
-0.796214	0.085405	-0.004582	0.171101
-0.813137	-0.060363	-0.766752	0.060007
-0.916870	0.012221	-1.150578	-0.056557
