# Vib_X	Vib_Y	Vib_Z	Sound
0.493214	-1.052848	1.015165	1.160361
0.178463	-1.238155	-0.291498	1.143205
0.090588	-1.289816	-0.895764	1.091457
0.212485	-1.242956	0.147500	1.061364
0.334747	-1.120426	0.529685	1.071208
0.245234	-1.040311	-0.580719	1.073879
0.339841	-0.899819	-0.273421	1.070786
0.451186	-0.777734	0.418645	1.068255
0.658230	-0.620881	1.319880	1.067411
0.541245	-0.570998	-0.128810	1.033240
0.441544	-0.551703	-1.709200	0.986555
0.441907	-0.548768	-0.327650	0.915963
0.286715	-0.671832	-1.347673	0.878418
0.080945	-0.745634	-0.353474	0.821889
-0.081343	-0.829840	-0.263092	0.758188
-0.274923	-0.944279	-0.681430	0.688159
-0.401006	-0.987315	0.018383	0.669878
-0.585853	-1.008389	-0.702089	0.647661
-0.654989	-0.928006	-0.418032	0.673675
-0.757966	-0.819170	-0.549731	0.687737
-0.656081	-0.747413	0.209476	0.705455
-0.649349	-0.722515	-0.660772	0.728939
-0.734496	-0.761729	-1.066198	0.713752
-0.563111	-0.791694	-0.407703	0.713752
-0.294209	-0.868075	-0.645278	0.690268
0.140074	-0.870120	0.731108	0.642317
0.225039	-0.927206	0.039042	0.561461
0.499763	-0.854826	-0.043593	0.481870
0.662597	-0.743411	0.560673	0.393279
0.737009	-0.695217	-0.903511	0.370639
0.775216	-0.549569	-0.629784	0.324657
0.786132	-0.329495	0.201729	0.279799
0.743741	-0.133874	0.297275	0.240566
0.665872	-0.101774	-1.249544	0.230441
0.499763	-0.126849	-1.554260	0.226785
0.400426	-0.095283	0.217223	0.212301
0.257787	-0.180023	-0.405120	0.177428
0.143167	-0.324160	-0.606543	0.153382
0.148443	-0.409255	0.077777	0.148319
0.038372	-0.469720	-0.348309	0.148601
0.088404	-0.401163	-0.087493	0.158866
0.072940	-0.377600	0.085524	0.159006
0.170094	-0.268941	0.077777	0.235082
0.156267	-0.082746	0.039042	0.322969
0.284714	0.160802	0.119094	0.393139
0.425897	0.343263	0.346340	0.462886
0.490667	0.431471	-1.275368	0.575382
0.447184	0.556579	-1.125592	0.644708
0.470108	0.628337	0.098435	0.690550
0.465559	0.598727	0.111347	0.706158
0.387326	0.427736	-0.456767	0.749610
0.224493	0.208374	-1.223721	0.777312
0.046741	0.111541	0.002889	0.764234
-0.089530	0.044675	0.346340	0.759313
-0.266009	-0.010900	-1.037793	0.770703
-0.363163	0.094825	-1.378661	0.807827
-0.548193	0.244386	-0.696924	0.855497
-0.578758	0.453878	0.284363	0.913854
-0.701019	0.605840	-0.185622	0.970102
-0.819460	0.714499	-1.259874	1.038443
-0.889142	0.781188	-0.549731	1.054755
-0.802358	0.809553	-0.017770	1.070364
-0.627517	0.737618	0.051953	1.063474
-0.489063	0.465082	-1.642059	1.060661
-0.344969	0.216910	-2.197262	1.004694
-0.028581	0.075618	-0.949993	0.962368
0.187560	-0.053669	-0.792471	0.912870
0.339295	-0.135208	-1.587830	0.860840
0.289990	-0.140098	-3.157891	0.817811
0.439906	0.081843	-0.224357	0.758891
0.461921	0.333660	0.653638	0.694206
0.263246	0.476641	-0.862194	0.598303
0.242687	0.659280	-0.332815	0.490307
-0.101538	0.743219	-1.197898	0.331125
-0.256912	0.834094	0.054536	0.182349
-0.596952	0.719656	-0.686595	0.044964
-0.787257	0.514254	-1.045540	-0.068798
-1.033964	0.300849	-0.456767	-0.163576
-1.279396	0.102205	-2.514889	-0.206043
-1.346167	0.089579	-1.549095	-0.236698
-1.317239	0.097670	-1.567172	-0.227839
-1.265205	0.172895	-1.538766	-0.239229
-1.235186	0.366738	-1.688542	-0.260744
-1.012677	0.667283	-2.411596	-0.281415
-0.729947	1.015577	-1.283115	-0.296743
-0.556016	1.343243	-1.933864	-0.334991
-0.484151	1.693226	-1.737606	-0.408395
-0.377718	1.927705	-1.290862	-0.500782
-0.421201	1.977232	-1.399320	-0.631418
-0.614599	1.909743	-0.903511	-0.741383
-0.977563	1.713678	-0.624619	-0.870331
-1.288311	1.528993	-1.151416	-0.944719
-1.631808	1.365028	-1.071363	-0.967921
-1.897618	1.243298	-1.275368	-0.955406
-2.291875	1.170207	-1.812494	-0.927282
-2.533123	1.262238	-0.823459	-0.889455
-2.647015	1.410020	-0.330233	-0.867941
-2.533487	1.601373	0.028712	-0.856972
-2.346274	1.749867	-0.214027	-0.907033
-2.179983	1.751023	-0.498084	-0.974671
-1.825025	1.786324	-0.503249	-1.065090
-1.350716	1.750757	-0.598796	-1.134696
-0.847115	1.626004	0.240464	-1.195585
-0.520356	1.385390	-0.002276	-1.251833
-0.132103	1.151000	-0.676266	-1.269832
0.260880	0.981699	-0.004858	-1.316518
0.527782	0.825736	-0.712418	-1.330580
0.607652	0.773719	-1.378661	-1.348579
0.782493	0.870640	-1.092022	-1.336486
0.772851	1.040563	-0.815712	-1.320174
0.703896	1.221957	-0.743406	-1.297816
0.495943	1.401129	-0.609125	-1.314831
0.324922	1.594882	0.274034	-1.316518
-0.000199	1.678199	-0.784724	-1.301894
-0.166671	1.735374	0.410898	-1.277285
-0.387178	1.636763	0.687208	-1.271942
-0.806179	1.353646	-0.474843	-1.278973
-0.922436	1.076753	-0.312156	-1.284035
-1.021774	0.806085	-0.707254	-1.280660
-1.018681	0.586367	1.464491	-1.267723
-1.223906	0.307963	0.346340	-1.277988
-1.212808	0.172451	-0.694342	-1.282207
-1.076173	0.168983	0.638144	-1.289519
-1.027596	0.189256	-0.162381	-1.281222
-1.120929	0.241007	-0.206280	-1.326221
-1.186063	0.324590	-0.694342	-1.362782
-1.220085	0.473618	-0.761483	-1.422967
-1.273938	0.554445	0.082941	-1.477668
-1.465154	0.467661	-0.071999	-1.546291
-1.594511	0.310452	-0.544567	-1.584821
-1.767351	0.118032	-1.419978	-1.601555
-1.797370	-0.057226	-0.208863	-1.580180
-1.710223	-0.328962	0.692373	-1.523932
-1.748975	-0.612968	-1.197898	-1.477668
-1.655642	-0.761284	-1.611071	-1.384437
-1.534108	-0.829218	-0.459349	-1.268426
-1.297590	-0.824950	0.299857	-1.132587
-1.212626	-0.843800	-0.110734	-1.034294
-1.013769	-0.753548	-0.234686	-0.934876
-0.808180	-0.627995	-0.071999	-0.850504
-0.612052	-0.502353	0.286946	-0.755867
-0.540005	-0.447046	0.144917	-0.690900
-0.349881	-0.437531	-0.420614	-0.670651
-0.267282	-0.471943	-0.392209	-0.690619
-0.326412	-0.554548	-0.314739	-0.748695
-0.435574	-0.606743	0.015800	-0.836582
-0.627335	-0.662851	0.614903	-0.891705
-0.835471	-0.692639	1.152029	-0.922079
-1.255745	-0.732830	-0.828623	-0.935298
-1.625076	-0.677167	-1.962269	-0.960047
-1.889067	-0.489460	0.036459	-0.980858
-2.135045	-0.281301	1.655584	-0.990280
-2.569692	-0.192560	0.054536	-1.023466
-2.949758	-0.132185	-1.528437	-1.013342
-3.211565	-0.038731	-0.185622	-0.996045
-3.366393	-0.031618	-0.436108	-0.926157
-3.474828	-0.053136	-0.423197	-0.849098
-3.489928	-0.142944	0.284363	-0.758960
-3.524860	-0.295528	-0.022935	-0.655605
-3.384769	-0.439665	-0.136557	-0.523844
-3.258505	-0.546546	-0.330233	-0.378865
-3.071656	-0.552770	-0.583302	-0.247666
-2.878985	-0.575711	-0.405120	-0.145436
-2.648107	-0.528495	0.754349	-0.023096
-2.411771	-0.453448	0.403151	0.122305
-2.236384	-0.375644	-0.283751	0.257019
-1.965844	-0.334563	0.129423	0.325641
-1.745337	-0.323093	0.715614	0.363468
-1.432405	-0.251780	1.634925	0.432512
-1.456785	-0.351191	-0.105569	0.458808
-1.384738	-0.453981	-0.789888	0.487495
-1.403841	-0.577133	-0.092658	0.473573
-1.562490	-0.745101	-1.161745	0.498463
-1.631262	-0.791961	-0.177875	0.565539
-1.804648	-0.863896	-0.784724	0.612787
-1.978397	-0.875722	-1.781506	0.630224
-2.034070	-0.812057	-1.572336	0.612927
-2.039346	-0.697618	-0.792471	0.578616
-2.052082	-0.575533	-0.159798	0.600975
-2.107027	-0.521204	-1.500031	0.656238
-1.970756	-0.364262	-0.903511	0.752563
-1.789547	-0.311089	-0.591049	0.861825
-1.646727	-0.346479	-0.516161	0.924401
-1.571223	-0.478345	-1.525854	1.007366
-1.583413	-0.675122	-1.277950	1.055036
-1.510456	-0.814902	-0.371550	1.066849
-1.568858	-0.985003	-0.671101	1.082598
-1.617253	-1.147280	-0.350891	1.084848
-1.835759	-1.294173	-0.885435	1.073739
-1.963115	-1.299864	-0.451602	1.064177
-2.114668	-1.246335	-0.841535	1.044349
-1.998592	-1.060584	1.172687	1.068395
-2.051536	-0.908178	1.097799	1.062067
-2.117397	-0.810278	-1.590413	1.036475
-1.909443	-0.678590	-1.425143	0.996117
-1.627987	-0.535075	0.059700	0.968555
-1.344712	-0.480390	1.046153	0.968696
-1.284673	-0.625861	-0.074581	0.992461
-1.034146	-0.738610	-0.152051	1.038162
-0.800539	-0.806810	-0.332815	1.095816
-0.470324	-0.800053	0.416063	1.189047
-0.380265	-0.777912	0.286946	1.282138
-0.302396	-0.682680	-0.255345	1.376493
-0.278744	-0.523160	0.431557	1.422054
-0.268920	-0.293839	1.454162	1.439350
-0.364072	-0.040776	1.149446	1.459178
-0.574937	0.171739	-0.846700	1.517816
-0.666815	0.441518	0.036459	1.576174
-0.854210	0.640607	0.134588	1.664342
-1.023229	0.795059	-0.056505	1.723122
-1.221904	0.865127	-0.123646	1.740277
-1.370183	0.855346	-0.071999	1.761651
-1.429494	0.796571	0.054536	1.804119
-1.463153	0.691202	-0.500667	1.847992
-1.362723	0.642830	-0.141722	1.882866
-1.168779	0.639007	0.230134	1.934051
-1.002489	0.710409	-0.079746	1.945301
-0.783801	0.742597	-1.549095	1.931661
-0.523085	0.845654	-0.826041	1.915068
-0.225982	0.986323	0.224970	1.908599
-0.033675	1.085645	0.258540	1.872460
0.134434	1.151267	-1.249544	1.816493
0.253057	1.216000	-1.358002	1.721153
0.438633	1.394637	0.674296	1.603595
0.487574	1.352401	-0.384462	1.484349
0.504312	1.250589	-0.294080	1.364119
0.478841	1.162204	0.444468	1.213656
0.512135	1.050078	0.392822	1.069661
0.562532	0.985967	0.599409	0.899651
0.469380	0.935639	-0.167545	0.720361
0.510134	0.965516	-0.051340	0.520962
0.501037	1.001706	-0.077164	0.352499
0.476475	1.100406	-0.268257	0.260956
0.425715	1.201684	0.168158	0.178131
0.367495	1.249611	-0.704671	0.118367
0.330562	1.363872	-0.937082	0.059307
0.372408	1.451990	-0.175292	0.038917
0.328743	1.459904	0.320516	0.042995
0.235591	1.434740	-0.376715	0.110211
0.129158	1.370363	-1.143669	0.160975
0.167365	1.340664	-0.503249	0.222145
0.139347	1.280110	-0.288915	0.301033
0.267430	1.295226	0.968683	0.409169
0.350757	1.277709	0.865389	0.546695
0.285078	1.203196	-0.441273	0.690128
0.450095	1.222847	-0.387044	0.808108
0.606014	1.221246	-0.438691	0.888261
0.790134	1.188791	0.565838	0.939728
0.826522	1.075420	0.051953	0.950275
0.879647	0.987123	-0.694342	0.957024
0.948419	0.983567	0.333428	0.935088
0.972617	0.929593	-0.366385	0.913432
0.982624	0.906652	-0.368968	0.846919
1.031565	0.897049	-0.015188	0.757344
1.077958	0.887268	-0.345727	0.657645
1.167289	0.896337	-0.544567	0.598303
1.195853	0.885667	-0.919005	0.564695
1.349590	0.972718	-0.412867	0.547820
1.468395	1.055502	-0.325068	0.515619
1.529889	1.161582	0.173323	0.486510
1.631228	1.242409	0.338593	0.464011
1.550994	1.241609	-0.306992	0.474417
1.391799	1.222669	-0.758900	0.512103
1.299921	1.238407	-0.361221	0.558789
1.150005	1.239030	-0.012605	0.612646
0.917308	1.212265	-0.095240	0.642176
0.805963	1.200172	-0.353474	0.662004
0.589640	1.208442	-0.397373	0.631349
0.465377	1.313188	0.266287	0.623755
0.326560	1.417845	-0.508414	0.613912
0.226676	1.564917	-0.653025	0.603365
0.106052	1.734396	-0.893182	0.560757
0.146442	1.878088	-0.665936	0.488479
0.205026	1.934907	-0.123646	0.349968
0.237229	1.961849	-0.330233	0.191490
0.307638	1.916145	-0.712418	0.021621
0.415163	1.844210	-0.776977	-0.148389
0.604377	1.768007	0.072612	-0.342725
0.628029	1.619779	-0.183039	-0.533968
0.772487	1.484001	-0.412867	-0.696666
0.912396	1.388413	-0.789888	-0.858941
1.049576	1.343331	-0.668519	-0.967781
1.189486	1.250856	-0.159798	-1.106573
1.356868	1.175542	-0.154634	-1.221740
1.519519	1.175631	-0.190786	-1.330299
1.668525	1.158647	-0.782141	-1.408202
1.770046	1.145665	-0.813129	-1.460232
1.875569	1.171541	0.209476	-1.488777
1.859013	1.102718	0.431557	-1.523651
1.850826	0.982411	-0.170128	-1.497496
1.863925	0.801550	-0.402538	-1.447154
1.811528	0.643364	-0.671101	-1.349986
1.807343	0.534794	-1.086857	-1.173086
1.754399	0.400705	-1.308938	-0.999139
1.669071	0.268750	-1.404485	-0.818724
1.627589	0.162314	-1.086857	-0.659120
1.650877	0.075529	-0.381879	-0.531578
1.551176	0.004661	-0.366385	-0.477158
1.430916	-0.027261	-0.433526	-0.442144
1.281728	-0.066829	-1.187568	-0.429628
1.161467	-0.089859	-1.210809	-0.450159
1.029745	-0.092349	-0.425779	-0.518641
0.684065	-0.174421	-2.558789	-0.607934
0.541791	-0.252936	-2.711147	-0.726899
0.624026	-0.294283	-0.978399	-0.801287
0.553071	-0.454959	-0.570390	-0.880034
0.509770	-0.668453	-1.809911	-0.958781
0.532876	-0.918670	-3.506506	-1.039356
0.837256	-1.066097	-1.425143	-1.079292
1.023741	-1.245891	-1.471625	-1.037247
1.228238	-1.425595	-1.990675	-1.015029
1.543899	-1.490506	-0.991311	-0.978046
1.646875	-1.574089	-1.639477	-0.918142
1.829357	-1.644958	-1.324432	-0.815771
1.934517	-1.655361	-1.549095	-0.699478
2.010748	-1.628419	-0.960323	-0.551265
2.027123	-1.665853	-0.495502	-0.374224
2.097350	-1.739834	-1.231468	-0.179325
2.159027	-1.779491	-0.962905	-0.005519
2.053685	-1.863164	-1.933864	0.166178
1.998013	-2.001343	-2.171438	0.299204
2.076427	-2.044647	-0.301827	0.427169
2.012204	-2.143791	0.418645	0.510697
1.824445	-2.300021	-0.715001	0.545008
1.607576	-2.473857	-1.858976	0.542055
1.481130	-2.492174	-0.756318	0.515900
1.274268	-2.480437	-0.474843	0.498603
1.050668	-2.478214	-1.267621	0.431809
0.969706	-2.343413	0.049371	0.353624
0.721544	-2.289351	-0.314739	0.258706
0.467015	-2.246848	-2.124956	0.162100
0.385143	-2.142635	-1.559425	0.026964
0.375501	-2.091240	-0.113316	-0.121390
0.304363	-2.130364	0.002889	-0.284649
0.203570	-2.242402	-1.590413	-0.443690
0.252693	-2.327408	-1.616236	-0.637886
0.358217	-2.370800	-1.086857	-0.853176
0.340751	-2.482660	-1.306356	-1.052153
0.503402	-2.583760	-0.949993	-1.179976
0.605651	-2.739546	-1.967434	-1.256052
0.763936	-2.769690	-1.489702	-1.286425
0.948056	-2.840291	-1.394155	-1.291910
1.130538	-2.922274	-1.246962	-1.281082
1.385795	-2.887151	-0.461932	-1.231162
1.468941	-2.897821	-1.401902	-1.203600
1.568278	-2.853184	-0.955158	-1.141728
1.585744	-2.832644	-0.412867	-1.075355
1.639779	-2.854162	0.849895	-1.010951
1.628499	-2.916672	-0.392209	-0.964828
1.466939	-3.031288	-2.760211	-0.924048
1.427277	-3.088018	-1.608489	-0.878628
1.489863	-3.066144	-0.609125	-0.786662
1.412358	-3.075125	-1.084275	-0.690619
1.266809	-3.064544	-1.404485	-0.599919
1.190213	-3.051384	-0.942246	-0.550983
1.168381	-2.976425	-0.010023	-0.519063
1.105977	-2.940947	1.152029	-0.530875
0.893838	-2.960776	-0.301827	-0.586279
0.660777	-2.924141	-1.755682	-0.627481
0.563077	-2.812904	-1.298609	-0.670792
0.491030	-2.731277	-1.066198	-0.663339
0.370224	-2.663698	-1.030046	-0.663479
0.267612	-2.556818	-0.327650	-0.646042
0.107144	-2.535744	-0.707254	-0.606669
-0.100082	-2.539568	-2.238579	-0.494314
-0.174858	-2.459808	-1.709200	-0.354678
-0.231622	-2.370000	-0.513578	-0.219120
-0.294209	-2.331587	-0.286333	-0.048689
-0.360798	-2.291752	-1.856393	0.154225
-0.249088	-2.187094	-1.502613	0.354327
-0.148477	-2.094708	-1.200480	0.560336
-0.108815	-2.081104	-1.463878	0.732736
0.162998	-2.019928	-0.663354	0.904995
0.348028	-2.013170	-1.166910	1.063192
0.558529	-1.945680	-0.903511	1.189328
0.636216	-1.919805	-1.791835	1.285372
0.776125	-1.835066	-1.469043	1.327558
0.922221	-1.736633	-0.270839	1.346541
0.930408	-1.671633	-0.751153	1.290153
0.883650	-1.592229	-1.616236	1.236858
0.851083	-1.537722	-1.543931	1.159236
0.950239	-1.387093	-0.632366	1.114237
0.990629	-1.240111	-0.361221	1.061646
0.940596	-1.066275	-0.379297	0.970383
0.895294	-0.955749	-0.782141	0.860278
0.865456	-0.844779	-1.339926	0.759172
0.850719	-0.736920	-0.815712	0.653988
0.846717	-0.634753	-0.343144	0.530243
0.690979	-0.615546	-1.009387	0.403123
0.635852	-0.565841	-1.265038	0.305954
0.549068	-0.453270	-2.031992	0.257722
0.568717	-0.234530	-0.557478	0.226785
0.388054	-0.084257	-0.392209	0.238879
0.270341	0.079353	-0.738242	0.262081
0.282349	0.323168	0.671714	0.311579
0.124428	0.481710	-0.611707	0.318610
0.246325	0.721790	0.532268	0.321422
0.273616	0.828492	0.514191	0.334781
0.233954	0.892870	-1.040375	0.361358
0.233044	0.983833	-0.663354	0.368530
0.319282	1.096049	0.263705	0.367686
0.426261	1.174564	1.268234	0.345187
0.364766	1.169318	0.010636	0.330563
0.398788	1.199906	-0.335397	0.317063
0.506859	1.243831	-0.469679	0.295408
0.550706	1.193059	-1.125592	0.308485
0.788497	1.250767	-0.841535	0.329297
1.025743	1.356225	-0.911258	0.368249
1.166562	1.510943	-0.947411	0.397076
1.217504	1.654991	-1.740188	0.456558
1.392163	1.774409	-1.649806	0.510275
1.472579	1.877644	-1.153998	0.577210
1.396348	1.900496	-1.099769	0.629802
1.454386	1.939620	0.212058	0.691253
1.427641	1.861282	0.155247	0.783078
1.465848	1.839409	-0.673683	0.861543
1.542989	1.803930	-0.717583	0.902886
1.583925	1.798684	-0.265674	0.927072
1.545900	1.780455	-0.180457	0.941837
1.470942	1.748711	-1.378661	0.966165
1.443833	1.828116	-1.456131	0.947322
1.400714	1.971364	-0.513578	0.905979
1.231331	2.061260	-0.374132	0.886574
1.053033	2.140932	-0.722748	0.874621
0.832526	2.271553	-1.027463	0.900917
0.674787	2.426005	-0.658189	0.909214
0.489575	2.507099	-0.503249	0.919479
0.383506	2.587303	-0.056505	0.918354
0.216488	2.648124	-0.260509	0.922572
0.059112	2.667063	-0.059087	0.925807
-0.038042	2.706010	0.439304	0.943244
-0.155755	2.648390	-0.281168	0.976008
-0.132649	2.664573	-0.048758	1.052365
-0.233078	2.609444	-0.477426	1.100738
-0.202149	2.585258	-0.051340	1.147846
-0.354066	2.510300	-1.104934	1.229546
-0.222708	2.574677	0.767260	1.310965
-0.152116	2.652392	2.172051	1.384228
-0.401370	2.584369	-0.957740	1.405039
-0.483605	2.589259	-1.272785	1.386899
-0.425931	2.620025	-0.033264	1.356666
-0.197964	2.740866	2.678189	1.321370
-0.439030	2.620025	-0.758900	1.239670
-0.604229	2.495984	-2.383190	1.147002
-0.486152	2.507543	0.168158	1.049130
-0.563293	2.418180	-1.463878	0.976430
-0.477419	2.397640	-0.508414	0.873356
-0.368621	2.372298	1.206258	0.801780
-0.364982	2.265329	1.301804	0.744829
-0.391727	2.173031	-0.376715	0.700815
-0.399550	2.090515	-1.249544	0.635145
-0.213065	2.107142	0.459962	0.536430
-0.178861	2.024626	0.718196	0.498041
-0.266372	1.938197	-0.237268	0.478495
-0.332779	1.931706	-0.596213	0.434481
-0.377536	1.946644	0.000306	0.361218
-0.478329	1.951446	0.813742	0.298501
-0.653898	1.867951	-0.059087	0.261800
-0.781254	1.788992	-1.107516	0.257300
-0.823281	1.712699	-0.815712	0.227207
-0.945542	1.585101	0.173323	0.203724
-1.076173	1.432872	0.121676	0.154788
-1.231911	1.274419	-2.096551	0.109368
-1.268662	1.195104	-1.337344	0.048198
-1.185881	1.215289	0.601991	-0.013534
-1.289949	1.166828	-0.363803	-0.056986
-1.445323	1.080221	-1.639477	-0.090594
-1.502269	0.998505	-1.321850	-0.120124
-1.294679	1.024469	0.669132	-0.160060
-1.264660	0.920434	1.521303	-0.193106
-1.335251	0.741619	0.583915	-0.222073
-1.271391	0.672529	-0.368968	-0.269181
-1.122385	0.675819	0.439304	-0.340335
-1.106375	0.629670	0.953189	-0.381255
-1.238461	0.479665	-0.115899	-0.439612
-1.396746	0.325658	-1.257291	-0.495298
-1.383646	0.295870	-0.149469	-0.564061
-1.365271	0.288401	0.847313	-0.634230
-1.498084	0.174674	0.281781	-0.716212
-1.547571	0.117321	0.072612	-0.784272
-1.660554	0.053478	-0.139140	-0.828989
-1.709495	0.008574	0.950606	-0.851629
-1.850314	-0.100085	0.351504	-0.849660
-1.980945	-0.153881	-0.149469	-0.821255
-1.990769	-0.193094	0.204311	-0.783569
-2.001140	-0.251158	0.018383	-0.708478
-2.191628	-0.338565	-0.663354	-0.609341
-2.245117	-0.336786	0.390239	-0.497829
-2.271498	-0.320336	1.180434	-0.336679
-2.385936	-0.391738	0.093271	-0.187059
-2.458165	-0.456471	-0.188204	-0.036877
-2.560777	-0.522804	-0.691760	0.110211
-2.561141	-0.491416	1.288892	0.285705
-2.699231	-0.570465	0.901542	0.433918
-2.779829	-0.647468	-0.379297	0.558367
-2.827860	-0.770532	-0.895764	0.657926
-2.815125	-0.902576	-0.782141	0.715580
-2.725066	-1.008567	-0.539402	0.711080
-2.651927	-1.131986	-1.265038	0.691112
-2.576970	-1.223305	-0.895764	0.670300
-2.528756	-1.263674	-0.565225	0.638802
-2.473993	-1.284926	0.248211	0.595912
-2.521297	-1.375801	-1.063616	0.546414
-2.520387	-1.423461	-0.472261	0.482995
-2.508743	-1.469521	-0.988728	0.425903
-2.542583	-1.470677	-1.758265	0.380202
-2.571693	-1.439378	-0.970652	0.323250
-2.617360	-1.457784	-1.419978	0.280080
-2.550407	-1.501621	-0.418032	0.189521
-2.541310	-1.590628	-0.684013	0.141851
-2.470900	-1.636332	-0.348309	0.097837
-2.414500	-1.708979	-0.371550	0.062401
-2.393941	-1.762864	-0.337980	-0.005097
-2.413590	-1.789272	-0.779559	-0.053330
-2.476358	-1.806967	-1.146251	-0.068798
-2.480179	-1.765264	-0.645278	-0.053330
-2.610446	-1.793718	-0.820876	0.014309
-2.731252	-1.800921	-0.841535	0.077447
-2.860427	-1.788917	-1.913205	0.126242
-2.891174	-1.712713	-1.683377	0.151132
-2.929199	-1.704800	-0.800218	0.157741
-3.017620	-1.722050	-0.616872	0.126242
-3.158257	-1.731209	-1.944193	0.122164
-3.144612	-1.725073	-1.063616	0.089821
-3.045093	-1.762597	0.638144	0.072806
-3.085483	-1.901577	-0.051340	0.039480
-3.101857	-1.910558	-0.128810	0.027105
-3.038179	-1.854539	-0.606543	0.016559
-2.891902	-1.772645	-0.066834	0.001793
-2.828042	-1.772289	0.310187	-0.021831
-2.850057	-1.815859	-1.538766	-0.056001
-2.807847	-1.797809	-1.843482	-0.092281
-2.658659	-1.738589	-0.407703	-0.152467
-2.520387	-1.685060	0.157829	-0.208152
-2.465988	-1.655983	-0.593631	-0.280290
-2.426144	-1.643357	-1.265038	-0.355803
-2.268041	-1.568221	-0.162381	-0.487283
-2.239295	-1.594896	-0.864776	-0.593029
-2.167976	-1.630464	-1.203062	-0.685978
-2.105571	-1.648870	-1.479372	-0.787787
-1.980399	-1.642201	-1.259874	-0.920251
-1.824297	-1.565820	0.594244	-1.041887
-1.836123	-1.585204	-0.224357	-1.157055
-1.773355	-1.510779	0.026130	-1.244521
-1.675837	-1.415814	0.509027	-1.288113
-1.518643	-1.337477	0.542597	-1.347454
-1.438955	-1.323606	-0.064252	-1.387390
-1.238097	-1.272211	0.302440	-1.387531
-1.065985	-1.218326	0.307605	-1.380500
-0.972105	-1.239666	-0.836371	-1.381203
-0.826556	-1.268743	-0.389626	-1.325518
-0.700656	-1.294440	-0.601378	-1.236224
-0.576211	-1.280747	0.072612	-1.165211
-0.535093	-1.336943	0.101018	-1.117822
-0.385723	-1.421950	-0.407703	-1.053981
-0.204150	-1.484193	-0.449020	-0.993655
-0.099718	-1.487038	-0.296662	-0.917861
0.093680	-1.425151	-0.565225	-0.869769
0.277255	-1.418126	-1.236633	-0.866394
0.504494	-1.400164	0.008053	-0.931782
0.704260	-1.321383	0.230134	-1.003076
0.787405	-1.252382	-1.110098	-1.052856
0.878556	-1.192895	-1.822823	-1.117541
0.932409	-1.182225	-1.789253	-1.142852
1.063403	-1.113669	-0.201116	-1.160711
1.093605	-1.074722	-0.281168	-1.176883
0.970252	-1.084325	-1.319267	-1.174773
0.855996	-1.087349	-1.352838	-1.162680
0.810148	-1.047246	-1.151416	-1.200647
0.803052	-0.955216	-0.079746	-1.234396
0.721362	-0.930674	-0.673683	-1.272082
0.590550	-0.951036	-1.143669	-1.287269
0.477567	-0.910134	-0.696924	-1.252817
0.316371	-0.837043	-1.724694	-1.218506
0.214668	-0.723227	-1.515525	-1.205428
0.285260	-0.574644	0.444468	-1.223428
0.195929	-0.609411	-0.376715	-1.244380
0.030912	-0.614746	-1.032628	-1.263786
0.029821	-0.537209	-0.306992	-1.288675
0.001257	-0.503687	-0.495502	-1.334517
0.029639	-0.492839	-0.180457	-1.376844
0.084948	-0.509111	-0.002276	-1.408484
0.105506	-0.456649	0.736272	-1.437029
0.075123	-0.462073	-0.854447	-1.478653
0.061478	-0.444734	-2.163692	-1.518308
0.265429	-0.300597	-0.325068	-1.545307
0.342570	-0.205898	0.243046	-1.592695
0.380595	-0.145345	-0.314739	-1.669052
0.516320	-0.135830	-0.849282	-1.748362
0.623662	-0.131206	-0.895764	-1.829781
0.692434	-0.117958	-0.642695	-1.905715
0.803962	-0.060338	-0.350891	-1.983478
0.981532	0.014353	0.240464	-2.036351
1.087419	-0.028861	-0.265674	-2.055335
1.083780	-0.060160	-1.711783	-2.050976
1.077777	-0.009299	-1.417396	-2.028758
1.173475	0.078642	-0.513578	-2.045070
1.196217	0.153867	-0.405120	-2.071647
1.093605	0.215665	-1.642059	-2.040570
1.098335	0.372784	-1.123010	-1.993743
1.070499	0.483399	-0.929335	-1.976588
1.006821	0.519856	-1.949358	-1.959151
1.073592	0.621223	-0.859612	-1.961823
0.983351	0.658391	-1.735024	-1.960698
1.055580	0.778965	-0.245015	-1.972229
1.087237	0.749266	-0.844118	-1.990931
1.126172	0.695026	-1.469043	-1.998665
1.298648	0.760559	0.263705	-1.969557
1.241156	0.671640	-1.285697	-1.901075
1.312657	0.675463	-0.392209	-1.882935
1.332488	0.672440	-0.916423	-1.847499
1.344860	0.708808	-0.784724	-1.801797
1.402352	0.804573	-0.919005	-1.763689
1.417271	0.900339	-1.647224	-1.696614
1.482950	1.007663	-0.591049	-1.644725
1.507147	1.056836	-0.673683	-1.586227
1.548993	1.104140	0.493533	-1.514933
1.526433	1.081555	-0.717583	-1.423952
1.543353	1.032294	-1.626565	-1.322424
1.565731	0.987746	-0.694342	-1.237068
1.487316	0.949955	-0.929335	-1.177304
1.376335	0.900694	-1.321850	-1.132868
1.292826	0.895715	-1.595577	-1.097292
1.221689	0.960892	-1.546513	-1.031060
1.001727	0.964983	-2.773123	-0.896768
0.949147	1.077731	-2.390937	-0.787928
0.961883	1.249344	-0.541984	-0.698212
0.811239	1.340308	-0.957740	-0.600200
0.638945	1.418557	-1.381243	-0.493470
0.477385	1.504185	-2.137868	-0.415145
0.412616	1.582256	-1.492284	-0.398692
0.262700	1.616934	0.222387	-0.410926
-0.073156	1.550423	-1.830570	-0.401223
-0.311857	1.512010	-2.021663	-0.358053
-0.449765	1.521258	-1.135921	-0.329226
-0.568024	1.495382	-1.724694	-0.317273
-0.602774	1.496449	-1.714365	-0.283243
-0.618056	1.463016	-2.026828	-0.202387
-0.533819	1.506230	-1.915787	-0.131374
-0.358796	1.531394	-1.928699	-0.081032
-0.123006	1.527393	-0.784724	-0.032799
0.125519	1.496360	-1.079110	0.019090
0.391693	1.476798	-1.084275	0.047073
0.647314	1.445588	-0.384462	0.070135
0.866548	1.359337	-1.352838	0.072385
1.054852	1.251834	-2.047486	0.087009
1.307927	1.177320	-1.797000	0.142413
1.585562	1.184789	-0.366385	0.199083
1.801521	1.121302	-0.309574	0.282752
1.944705	1.093648	-0.924170	0.375983
2.087344	1.120946	-0.733077	0.456980
2.270372	1.150289	-0.534237	0.470198
2.309670	1.131260	-0.660772	0.484260
2.289839	1.131260	-0.270839	0.502541
2.239807	1.112943	-1.634313	0.487073
2.323134	1.185323	-1.280532	0.473714
2.336415	1.215555	-0.423197	0.444605
2.202328	1.175453	-1.288279	0.437996
2.152113	1.245788	0.715614	0.464573
1.955621	1.190302	-0.038429	0.482995
1.716375	1.101917	-1.195315	0.541633
1.549175	1.095515	-0.810547	0.626708
1.401078	1.128682	-0.053923	0.705596
1.275724	1.166917	0.015800	0.798686
1.034294	1.178298	-2.378025	0.862387
0.959700	1.257080	-1.422561	0.936775
0.849992	1.287490	-1.288279	1.042521
0.706444	1.248633	-1.740188	1.175266
0.718087	1.248633	-0.456767	1.302246
0.595826	1.179010	-0.376715	1.399836
0.511225	1.103696	-0.482590	1.499395
0.336748	0.958047	-2.447748	1.593048
0.316553	0.897849	-1.838317	1.658296
0.392239	0.886912	-0.157216	1.728606
0.351849	0.830804	-0.996475	1.823524
0.288535	0.731038	-2.334126	1.941926
0.281439	0.672707	-2.576865	2.057375
0.488301	0.678220	-0.616872	2.132607
0.604013	0.596859	-0.010023	2.190120
0.565443	0.466594	-1.554260	2.217682
0.652590	0.331082	-2.522636	2.236243
0.933319	0.360069	-0.170128	2.224713
1.046483	0.272306	0.039042	2.200807
1.081961	0.196814	0.390239	2.174230
1.235880	0.181609	1.492897	2.124029
1.228238	0.078997	-0.188204	2.035579
1.138725	0.047164	-0.565225	1.939395
1.130902	0.043074	-0.237268	1.852773
1.117621	0.065037	0.638144	1.751386
1.036659	0.081487	-0.281168	1.687545
0.930954	0.093402	-0.913841	1.658718
0.843442	0.096692	-1.458714	1.687966
0.861454	0.104695	0.165576	1.738027
0.833072	0.116343	1.392186	1.760386
0.660777	-0.000941	-1.350255	1.726918
0.580179	-0.119647	-1.701453	1.670951
0.615839	-0.119025	-0.038429	1.628766
0.725001	-0.161528	1.306969	1.607532
0.682974	-0.274543	0.232717	1.602891
0.636398	-0.371643	-1.161745	1.616953
0.796320	-0.324516	0.072612	1.645781
0.937503	-0.253203	1.464491	1.674186
0.962065	-0.248135	0.594244	1.693873
0.989173	-0.225638	0.183652	1.681779
0.964248	-0.243066	-0.557478	1.666311
1.004820	-0.254537	-0.004858	1.625672
1.159466	-0.241821	0.072612	1.576455
1.295919	-0.260494	-0.291498	1.499114
1.398349	-0.262273	0.986759	1.443850
1.382339	-0.342566	-0.345727	1.405742
1.488408	-0.368264	-0.565225	1.342323
1.588473	-0.353681	0.599409	1.240795
1.693087	-0.331807	1.113293	1.125487
1.621222	-0.352258	-0.405120	1.049552
1.638324	-0.352525	-0.665936	0.998788
1.797882	-0.275344	0.325681	0.982617
1.813529	-0.235686	0.839566	0.970946
1.746940	-0.212389	-0.575555	0.980086
1.602300	-0.292416	-2.504560	1.045896
1.650150	-0.233018	-0.903511	1.162892
1.556634	-0.204209	-1.148833	1.279184
1.472579	-0.189004	-0.740824	1.409820
1.333034	-0.219592	-2.119792	1.533988
1.269174	-0.207499	-3.225032	1.675592
1.310656	-0.137431	-1.649806	1.816352
1.228420	-0.134230	-1.332179	1.946145
1.105795	-0.163306	-1.024881	2.056672
0.964794	-0.266541	-2.212756	2.127544
1.028836	-0.160727	-0.999058	2.167199
1.039024	-0.089504	0.289528	2.147231
0.930226	-0.148901	-0.867359	2.111514
0.845807	-0.233285	-2.881581	2.069468
0.959881	-0.229906	-1.848646	2.028407
1.126899	-0.224660	0.516774	1.939395
1.120714	-0.348435	-1.280532	1.830696
1.181662	-0.429440	-1.789253	1.724809
1.286822	-0.411567	-0.955158	1.644234
1.414905	-0.403920	-1.407067	1.574064
1.506602	-0.409878	-1.068781	1.508957
1.503509	-0.440110	-0.531655	1.475631
1.641781	-0.454604	-0.443855	1.460725
1.696362	-0.459227	-0.245015	1.437241
1.701638	-0.494617	-0.665936	1.381556
1.766953	-0.527961	-0.591049	1.308152
1.787330	-0.534808	-0.616872	1.229827
1.799702	-0.492394	-0.340562	1.169923
1.800793	-0.449624	0.126841	1.122112
1.775140	-0.456560	-0.658189	1.118737
1.792788	-0.438776	-0.066834	1.128721
1.722015	-0.388092	-0.350891	1.133502
1.628317	-0.323093	-0.402538	1.129987
1.544080	-0.229995	0.031295	1.132940
1.327940	-0.301575	-2.199844	1.161767
1.295919	-0.244044	-2.158527	1.206765
1.292644	-0.104531	-0.485173	1.231655
1.182754	-0.040598	-0.071999	1.251764
1.033930	-0.043177	-1.290862	1.270747
1.005002	-0.012678	-2.104298	1.265966
1.003546	0.070995	-0.503249	1.205640
0.933683	0.100604	0.596826	1.104253
0.788315	0.055167	-1.004222	1.014116
0.729913	0.002794	-2.083639	0.902604
0.791408	0.078908	-1.223721	0.794749
0.821246	0.154222	-0.544567	0.700674
0.813604	0.196814	-0.389626	0.633036
0.679881	0.130570	-2.891910	0.573835
0.749199	0.222067	-1.993257	0.476667
0.895476	0.355534	-0.412867	0.326625
0.934956	0.388167	-1.267621	0.157319
0.980804	0.375363	-0.975817	0.022886
1.079232	0.410397	-1.463878	-0.074985
1.228966	0.548754	0.101018	-0.164560
1.305743	0.571340	0.498697	-0.199152
1.231149	0.467394	-1.210809	-0.197184
1.221507	0.387011	-2.065563	-0.156966
1.316841	0.423735	-0.691760	-0.114640
1.307563	0.438406	0.018383	-0.080610
1.245158	0.402839	-0.562643	-0.019440
1.260805	0.440451	0.165576	0.011215
1.173111	0.496026	-0.544567	-0.007769
1.035021	0.561559	-0.232104	-0.096781
0.879829	0.606729	0.095853	-0.170466
0.706626	0.602639	-0.291498	-0.229386
0.586729	0.673507	-0.211445	-0.286759
0.428990	0.721079	-0.353474	-0.327538
0.317281	0.761537	0.751766	-0.362975
0.150445	0.730415	0.428974	-0.411910
0.015084	0.709430	-0.201116	-0.475189
-0.172311	0.671996	-0.402538	-0.574326
-0.319862	0.662126	-0.366385	-0.674026
-0.330232	0.651278	0.604573	-0.767679
-0.407010	0.562981	-0.368968	-0.878346
-0.415743	0.574096	-0.787306	-0.980718
-0.421746	0.593303	-0.516161	-1.113885
-0.358069	0.580143	0.408316	-1.227787
-0.106086	0.573741	1.683990	-1.296550
-0.096443	0.552044	0.436721	-1.346048
-0.108451	0.464460	-0.529072	-1.387672
-0.008022	0.438673	0.147500	-1.389078
0.128067	0.403817	1.591026	-1.370657
0.199568	0.303872	0.968683	-1.356454
0.068209	0.157068	-1.215974	-1.353360
0.140620	0.079264	-0.614290	-1.318487
0.234318	0.077397	0.865389	-1.239177
0.252511	0.070372	0.751766	-1.135681
0.226130	0.092780	0.284363	-1.051590
0.171913	0.132882	-0.188204	-1.022341
0.123336	0.146398	0.351504	-0.987186
0.071484	0.174940	0.780172	-0.953016
-0.018756	0.210864	0.090688	-0.968203
-0.164488	0.203039	-0.614290	-1.032888
-0.241993	0.213709	-0.410285	-1.113885
-0.326048	0.201527	0.129423	-1.204303
-0.486698	0.196903	-0.162381	-1.314971
-0.520538	0.231048	0.733690	-1.458544
-0.621331	0.193435	0.723361	-1.571602
-0.820370	0.091801	-0.265674	-1.649928
-0.879681	0.074462	-0.020352	-1.739081
-0.960825	0.066993	0.137170	-1.846655
-1.000487	0.064681	0.075194	-1.913871
-1.133483	0.026891	-0.405120	-1.942839
-1.236459	0.020311	-0.363803	-2.000353
-1.265569	0.046986	0.090688	-2.058851
-1.340891	0.051255	0.005471	-2.092880
-1.398201	0.032404	0.333428	-2.114114
-1.464062	-0.023704	-0.255345	-2.140410
-1.491171	-0.076255	-0.776977	-2.164737
-1.447324	-0.120003	0.051953	-2.202564
-1.397837	-0.173887	-0.144304	-2.239406
-1.379462	-0.278456	-0.423197	-2.234344
-1.311963	-0.285480	0.217223	-2.213110
-1.199162	-0.266985	0.583915	-2.185549
-1.210260	-0.289215	-0.461932	-2.127192
-1.202255	-0.363729	-0.480008	-2.045070
-1.153132	-0.453448	0.165576	-1.981791
-1.120566	-0.455315	0.106182	-1.945511
-1.090364	-0.494973	0.023548	-1.908528
-1.157499	-0.631285	-0.957740	-1.867889
-1.062346	-0.659028	-0.095240	-1.819093
-1.139851	-0.714157	-0.709836	-1.833015
-1.207895	-0.785025	-2.037157	-1.886732
-1.112742	-0.803165	-0.487755	-1.907965
-1.100916	-0.869498	0.338593	-1.878294
-1.155861	-0.913513	0.193982	-1.849608
-1.246466	-0.953704	-0.588466	-1.836812
-1.227544	-0.955305	-0.851865	-1.783657
-1.290313	-0.996830	-1.231468	-1.733597
-1.290495	-0.999497	-0.686595	-1.704066
-1.273211	-0.943123	0.067447	-1.676646
-1.360540	-0.921071	-0.913841	-1.598039
-1.389286	-0.948102	-1.130757	-1.499043
-1.313601	-0.963040	-0.787306	-1.418467
-1.228272	-0.930585	0.168158	-1.386969
-1.125842	-0.931119	0.509027	-1.395125
-1.085452	-1.021371	-0.092658	-1.372485
-1.024867	-1.084059	0.447051	-1.325518
-0.936809	-1.154393	-0.118481	-1.287269
-0.920435	-1.236021	-0.696924	-1.245646
-0.882046	-1.269543	0.103600	-1.191085
-0.885139	-1.327518	-0.260509	-1.148899
-0.782345	-1.322183	0.219805	-1.108963
-0.734496	-1.324406	-0.268257	-1.069871
-0.689193	-1.324406	-0.113316	-1.049200
-0.604957	-1.359529	0.333428	-1.027825
-0.551831	-1.399809	-0.449020	-0.995342
-0.348608	-1.369932	1.170105	-0.997030
-0.242721	-1.453605	0.614903	-0.993655
-0.150843	-1.606456	0.072612	-0.962297
-0.059874	-1.713869	0.165576	-0.931782
0.098775	-1.712536	1.505809	-0.910408
0.266520	-1.665231	2.670442	-0.866956
0.282167	-1.734676	0.188817	-0.819146
0.420257	-1.759840	0.214640	-0.788772
0.420257	-1.753972	-0.079746	-0.770632
0.420257	-1.737789	-0.224357	-0.788772
0.506495	-1.719649	0.374745	-0.795381
0.582545	-1.749793	-0.053923	-0.816474
0.684611	-1.734499	0.431557	-0.876378
0.641128	-1.684171	-0.126228	-0.928267
0.602922	-1.623617	-0.022935	-0.938672
0.572902	-1.634198	0.142335	-0.908720
0.537242	-1.632865	-0.725330	-0.843051
0.461739	-1.589828	-0.611707	-0.758538
0.354396	-1.580314	-0.536820	-0.669807
0.301816	-1.628863	-0.627201	-0.565186
0.304727	-1.651538	-0.410285	-0.482080
0.372772	-1.574445	-0.180457	-0.404036
0.432447	-1.483392	0.173323	-0.324726
0.379321	-1.448358	-0.498084	-0.265384
0.351667	-1.444179	-0.242433	-0.181434
0.437359	-1.416348	0.320516	-0.109578
0.536151	-1.379624	0.013218	-0.044049
0.607288	-1.401320	0.310187	0.024011
0.594189	-1.422750	-0.805382	0.080541
0.640037	-1.372689	-0.503249	0.136929
0.693708	-1.284126	0.488368	0.166600
0.716268	-1.231486	-0.012605	0.207098
0.739192	-1.217792	0.552926	0.259409
0.688796	-1.176178	0.261122	0.327750
0.610199	-1.078812	-0.123646	0.430684
0.499400	-0.981980	0.333428	0.551055
0.487392	-0.921693	1.020329	0.655113
0.514136	-0.831441	1.348286	0.735689
0.474838	-0.709178	0.731108	0.796577
0.473019	-0.593672	0.560673	0.877855
0.557437	-0.528228	0.540015	0.963352
0.604377	-0.433708	0.467709	1.023678
0.624572	-0.372710	0.586497	1.081332
0.699712	-0.280501	1.206258	1.109175
0.762298	-0.169353	0.979012	1.157689
0.823065	-0.120358	1.118458	1.200859
0.823611	-0.066652	0.860224	1.192141
0.761025	0.005550	0.126841	1.142221
0.813604	0.166849	1.381856	1.083020
0.895476	0.237539	0.449633	1.056161
0.927679	0.309563	-0.051340	1.013132
0.976802	0.477442	0.555509	0.934103
0.983897	0.585745	0.705284	0.842982
1.045574	0.674041	1.389603	0.724017
1.026834	0.756202	0.527103	0.602803
0.977711	0.868861	0.142335	0.493822
0.910213	0.970496	-0.273421	0.423231
0.856541	1.044743	0.756931	0.414372
0.893838	1.095070	2.071340	0.454449
0.812695	1.075953	0.883466	0.516743
0.744104	1.108408	0.516774	0.546274
0.801778	1.171718	0.723361	0.547117
0.963520	1.254324	1.459327	0.514775
1.044846	1.312032	1.012582	0.474276
1.082325	1.386012	-0.015188	0.418169
1.185483	1.479555	0.503862	0.398623
1.241156	1.511743	0.808578	0.412122
1.309564	1.558070	1.257904	0.388920
1.317933	1.577899	-0.560061	0.326063
1.342313	1.633384	-1.045540	0.231848
1.475490	1.714389	0.875719	0.155632
1.507693	1.728616	0.873136	0.113727
1.488408	1.783123	0.475456	0.064651
1.368875	1.874265	-1.494866	0.002778
1.457842	1.982745	-0.108152	-0.009034
1.506420	2.039653	1.392186	-0.013534
1.403443	2.061972	0.336010	-0.016628
1.456387	2.181301	1.448997	-0.001019
1.385795	2.200685	0.212058	0.059588
1.422183	2.245678	0.648473	0.155069
1.393801	2.261061	0.509027	0.264331
1.387979	2.280356	-0.591049	0.370780
1.413450	2.306943	-0.007441	0.487354
1.339584	2.197039	-1.024881	0.632333
1.358323	2.155070	0.082941	0.775203
1.306107	2.129639	0.175905	0.916245
1.281910	2.154181	-0.301827	1.028178
1.396530	2.131862	-0.226939	1.149814
1.523885	2.067396	-0.265674	1.248108
1.531345	2.009332	-0.792471	1.311668
1.531709	2.008888	-1.838317	1.355541
1.600481	2.036719	-0.748571	1.387321
1.575192	1.959271	-0.973234	1.394071
1.610851	1.929928	-1.084275	1.345838
1.606485	1.950912	-0.252762	1.256826
1.479493	1.882623	-0.753736	1.175969
1.324301	1.799306	-1.515525	1.118737
1.193124	1.806509	-1.347673	1.048005
1.229876	1.875687	-0.276004	0.982898
1.145457	1.874087	0.139753	0.935088
1.034112	1.831673	-0.647860	0.893745
0.928043	1.831495	-0.926752	0.850575
0.845261	1.899429	-0.745989	0.805858
0.775398	2.002841	-0.949993	0.750876
0.723364	2.065884	-0.906094	0.687737
0.727184	2.106787	-0.844118	0.622208
0.709900	2.093627	-0.862194	0.561742
0.722272	2.090870	-0.616872	0.479479
0.714085	2.024092	-0.810547	0.424637
0.701349	1.897739	-1.843482	0.390467
0.674423	1.808287	-1.592995	0.365436
0.635852	1.803041	-0.715001	0.344765
0.640401	1.838786	-0.596213	0.332813
0.629302	1.829183	-0.469679	0.340547
0.508314	1.748711	-0.836371	0.330703
0.437905	1.743376	-1.030046	0.308626
0.360582	1.735018	-0.758900	0.265456
0.431537	1.638452	0.101018	0.216098
0.425715	1.515211	-0.038429	0.152679
0.392966	1.418912	-0.629784	0.097274
0.445546	1.418557	0.573585	0.020074
0.363857	1.301095	-0.077164	-0.014659
0.302726	1.153223	-0.838953	-0.030268
0.277073	0.993792	-0.345727	-0.099594
0.298359	0.859525	0.632979	-0.189731
0.215578	0.662481	0.364416	-0.295618
0.092953	0.424268	-1.670465	-0.396864
0.251602	0.429248	-0.123646	-0.487845
0.384415	0.497804	0.558091	-0.589513
0.352031	0.497359	0.503862	-0.661089
0.318918	0.466327	-0.665936	-0.683307
0.233772	0.480554	-1.011969	-0.732383
0.306183	0.555779	2.097164	-0.802271
0.128612	0.423023	-0.095240	-0.858097
0.241231	0.360425	1.291475	-0.870753
0.243778	0.223045	2.489679	-0.897049
0.090042	0.000393	0.594244	-0.896908
0.211576	-0.038109	2.536161	-0.871597
0.065662	-0.230973	1.751131	-0.827020
0.030003	-0.391738	1.358615	-0.777241
-0.147932	-0.545301	0.663967	-0.780616
-0.202695	-0.523249	1.164940	-0.776819
-0.348062	-0.492038	0.772425	-0.750382
-0.636250	-0.525205	-1.182404	-0.702993
-0.683553	-0.406676	0.632979	-0.664042
-0.828193	-0.280501	0.904124	-0.646183
-1.020318	-0.236575	-0.193369	-0.642668
-1.110741	-0.277567	-0.198533	-0.644496
-1.204802	-0.342122	-0.407703	-0.654901
-1.160228	-0.384536	0.718196	-0.692447
-1.096732	-0.501553	2.329574	-0.733508
-1.111287	-0.735764	1.226916	-0.764866
-1.175329	-0.932986	-0.526490	-0.825192
-1.097096	-1.071877	0.026130	-0.868503
-0.924074	-1.115803	1.273398	-0.883268
-0.916069	-1.235132	0.555509	-0.872862
-0.871130	-1.300487	0.002889	-0.832504
-0.806543	-1.280480	0.142335	-0.787928
-0.685555	-1.147369	1.317298	-0.778225
